3.200000 0.00100000 640
3.200000 0.00100000 640
3.200000 0.00100000 640
3.200000 0.00100000 640
3.200000 0.00100000 640
3.200000 0.00100000 640
3.200000 0.00100000 640
3.200000 0.00100000 640
3.200000 0.00100000 640
3.200000 0.00100000 640
3.200000 0.00100000 640
3.200000 0.00100000 640
3.200000 0.00100000 640
3.200000 0.00100000 640
3.200000 0.00100000 640
3.200000 0.00100000 640
3.200000 0.00100000 640
3.200000 0.00100000 640
3.200000 0.00100000 640
3.200000 0.00100000 640
3.200000 0.00100000 640
3.200000 0.00100000 640
3.200000 0.00100000 640
3.200000 0.00100000 640
3.200000 0.00100000 640
3.200000 0.00100000 640
3.200000 0.00100000 640
3.200000 0.00100000 640
3.200000 0.00100000 640
3.200000 0.00100000 640
3.200000 0.00100000 640
3.200000 0.00100000 640
3.200000 0.00100000 640
3.200000 0.00100000 640
3.200000 0.00100000 640
3.200000 0.00100000 640
3.200000 0.00100000 640
3.200000 0.00100000 640
3.200000 0.00100000 640
3.200000 0.00100000 640
3.200000 0.00100000 640
3.200000 0.00100000 640
3.200000 0.00100000 640
3.200000 0.00100000 640
3.200000 0.00100000 640
3.200000 0.00100000 640
3.200000 0.00100000 640
3.200000 0.00100000 640
3.200000 0.00100000 640
3.200000 0.00100000 640
