3.200000 0.00125000 640
3.200000 0.00125000 640
3.200000 0.00125000 640
3.200000 0.00125000 640
3.200000 0.00125000 640
3.200000 0.00125000 640
3.200000 0.00125000 640
3.200000 0.00125000 640
3.200000 0.00125000 640
3.200000 0.00125000 640
3.200000 0.00125000 640
3.200000 0.00125000 640
3.200000 0.00125000 640
3.200000 0.00125000 640
3.200000 0.00125000 640
3.200000 0.00125000 640
3.200000 0.00125000 640
3.200000 0.00125000 640
3.200000 0.00125000 640
3.200000 0.00125000 640
3.200000 0.00125000 640
3.200000 0.00125000 640
3.200000 0.00125000 640
3.200000 0.00125000 640
3.200000 0.00125000 640
3.200000 0.00125000 640
3.200000 0.00125000 640
3.200000 0.00125000 640
3.200000 0.00125000 640
3.200000 0.00125000 640
3.200000 0.00125000 640
3.200000 0.00125000 640
3.200000 0.00125000 640
3.200000 0.00125000 640
3.200000 0.00125000 640
3.200000 0.00125000 640
3.200000 0.00125000 640
3.200000 0.00125000 640
3.200000 0.00125000 640
3.200000 0.00125000 640
3.200000 0.00125000 640
3.200000 0.00125000 640
3.200000 0.00125000 640
3.200000 0.00125000 640
3.200000 0.00125000 640
3.200000 0.00125000 640
3.200000 0.00125000 640
3.200000 0.00125000 640
3.200000 0.00125000 640
3.200000 0.00125000 640
