3.200000 0.00175000 3200
3.200000 0.00175000 3200
3.200000 0.00175000 3200
3.200000 0.00175000 3200
3.200000 0.00175000 3200
3.200000 0.00175000 3200
3.200000 0.00175000 3200
3.200000 0.00175000 3200
3.200000 0.00175000 3200
3.200000 0.00175000 3200
3.200000 0.00175000 3200
3.200000 0.00175000 3200
3.200000 0.00175000 3200
3.200000 0.00175000 3200
3.200000 0.00175000 3200
3.200000 0.00175000 3200
3.200000 0.00175000 3200
3.200000 0.00175000 3200
3.200000 0.00175000 3200
3.200000 0.00175000 3200
3.200000 0.00175000 3200
3.200000 0.00175000 3200
3.200000 0.00175000 3200
3.200000 0.00175000 3200
3.200000 0.00175000 3200
3.200000 0.00175000 3200
3.200000 0.00175000 3200
3.200000 0.00175000 3200
3.200000 0.00175000 3200
3.200000 0.00175000 3200
3.200000 0.00175000 3200
3.200000 0.00175000 3200
3.200000 0.00175000 3200
3.200000 0.00175000 3200
3.200000 0.00175000 3200
3.200000 0.00175000 3200
3.200000 0.00175000 3200
3.200000 0.00175000 3200
3.200000 0.00175000 3200
3.200000 0.00175000 3200
3.200000 0.00175000 3200
3.200000 0.00175000 3200
3.200000 0.00175000 3200
3.200000 0.00175000 3200
3.200000 0.00175000 3200
3.200000 0.00175000 3200
3.200000 0.00175000 3200
3.200000 0.00175000 3200
3.200000 0.00175000 3200
3.200000 0.00175000 3200
