3.200000 0.00100000 3200
3.200000 0.00100000 3200
3.200000 0.00100000 3200
3.200000 0.00100000 3200
3.200000 0.00100000 3200
3.200000 0.00100000 3200
3.200000 0.00100000 3200
3.200000 0.00100000 3200
3.200000 0.00100000 3200
3.200000 0.00100000 3200
3.200000 0.00100000 3200
3.200000 0.00100000 3200
3.200000 0.00100000 3200
3.200000 0.00100000 3200
3.200000 0.00100000 3200
3.200000 0.00100000 3200
3.200000 0.00100000 3200
3.200000 0.00100000 3200
3.200000 0.00100000 3200
3.200000 0.00100000 3200
3.200000 0.00100000 3200
3.200000 0.00100000 3200
3.200000 0.00100000 3200
3.200000 0.00100000 3200
3.200000 0.00100000 3200
3.200000 0.00100000 3200
3.200000 0.00100000 3200
3.200000 0.00100000 3200
3.200000 0.00100000 3200
3.200000 0.00100000 3200
3.200000 0.00100000 3200
3.200000 0.00100000 3200
3.200000 0.00100000 3200
3.200000 0.00100000 3200
3.200000 0.00100000 3200
3.200000 0.00100000 3200
3.200000 0.00100000 3200
3.200000 0.00100000 3200
3.200000 0.00100000 3200
3.200000 0.00100000 3200
3.200000 0.00100000 3200
3.200000 0.00100000 3200
3.200000 0.00100000 3200
3.200000 0.00100000 3200
3.200000 0.00100000 3200
3.200000 0.00100000 3200
3.200000 0.00100000 3200
3.200000 0.00100000 3200
3.200000 0.00100000 3200
3.200000 0.00100000 3200
