1.00000000
0.99998882
0.99992401
0.99979745
0.99960913
0.99935906
0.99906245
0.99881067
0.99861893
0.99848724
0.99841559
0.99839545
0.99837555
0.99834735
0.99831085
0.99826606
0.99821075
0.99813162
0.99802646
0.99789527
0.99773805
0.99755841
0.99737799
0.99720042
0.99702569
0.99685380
0.99668357
0.99650789
0.99632558
0.99613665
0.99594109
0.99573956
0.99553604
0.99533120
0.99512503
0.99491754
0.99470425
0.99445828
0.99417515
0.99385488
0.99349745
0.99310697
0.99270796
0.99230452
0.99189665
0.99148436
0.99106654
0.99063667
0.99019364
0.98973746
0.98926813
0.98878507
0.98828476
0.98776662
0.98723065
0.98667685
0.98610598
0.98552262
0.98492754
0.98432074
0.98370221
0.98306606
0.98237692
0.98162890
0.98082199
0.97995620
0.97903717
0.97809880
0.97714672
0.97618096
0.97520149
0.97420648
0.97318485
0.97213475
0.97105617
0.96994912
0.96881448
0.96765754
0.96647919
0.96527943
0.96405825
0.96280926
0.96149405
0.96010623
0.95864578
0.95711273
0.95551316
0.95388376
0.95223064
0.95055380
0.94885323
0.94712703
0.94536372
0.94356138
0.94172001
0.93983962
0.93792109
0.93596965
0.93398620
0.93197073
0.92992324
0.92783763
0.92567726
0.92343603
0.92111394
0.91871100
0.91623313
0.91371593
0.91116534
0.90858134
0.90596396
0.90331148
0.90061379
0.89786918
0.89507766
0.89223923
0.88935471
0.88642901
0.88346295
0.88045654
0.87740977
0.87431761
0.87114993
0.86790170
0.86457292
0.86116358
0.85767872
0.85414850
0.85057794
0.84696703
0.84331579
0.83962397
0.83589022
0.83211430
0.82829621
0.82443596
0.82052858
0.81654439
0.81247844
0.80833073
0.80410125
0.79979546
0.79544615
0.79105875
0.78663329
0.78216974
0.77766704
0.77311864
0.76852346
0.76388151
0.75919277
0.75445785
0.74968032
0.74486076
0.73999919
0.73509559
0.73014818
0.72514624
0.72008798
0.71497341
0.70980251
0.70457780
0.69931428
0.69401444
0.68867830
0.68330584
0.67789701
0.67245146
0.66696912
0.66144999
0.65589407
0.65030213
0.64467870
0.63902456
0.63333969
0.62762410
0.62187714
0.61609497
0.61027694
0.60442305
0.59853331
0.59260967
0.58666392
0.58069802
0.57471197
0.56870576
0.56267985
0.55663690
0.55057735
0.54450120
0.53840844
0.53229988
0.52618023
0.52005027
0.51391001
0.50775944
0.50159947
0.49543550
0.48926843
0.48309825
0.47692498
0.47074871
0.46457010
0.45838926
0.45220619
0.44602089
0.43983494
0.43365785
0.42749121
0.42133502
0.41518927
0.40905483
0.40293686
0.39683624
0.39075295
0.38468700
0.37863867
0.37260962
0.36660013
0.36061020
0.35463982
0.34869027
0.34276917
0.33687778
0.33101609
0.32518412
0.31938242
0.31361437
0.30788054
0.30218091
0.29651550
0.29088536
0.28529686
0.27975107
0.27424799
0.26878761
0.26336991
0.25799479
0.25266222
0.24737219
0.24212472
0.23692070
0.23176560
0.22666033
0.22160487
0.21659924
0.21164366
0.20673947
0.20188690
0.19708595
0.19233662
0.18764028
0.18300520
0.17843274
0.17392290
0.16947569
0.16509007
0.16075977
0.15648375
0.15226202
0.14809456
0.14398218
0.13992956
0.13593749
0.13200597
0.12813500
0.12432391
0.12056867
0.11686861
0.11322372
0.10963401
0.10610322
0.10265380
0.09928949
0.09601030
0.09281622
0.08970305
0.08664563
0.08363976
0.08068544
0.07778266
0.07493246
0.07214096
0.06940917
0.06673711
0.06412476
0.06157097
0.05906876
0.05661697
0.05421559
0.05186464
0.04956805
0.04734947
0.04521284
0.04315817
0.04118545
0.03928991
0.03744290
0.03563963
0.03388010
0.03216433
0.03049270
0.02886763
0.02728952
0.02575837
0.02427418
0.02283671
0.02144446
0.02009719
0.01879489
0.01753758
0.01632362
0.01514326
0.01399489
0.01287851
0.01179411
0.01074666
0.00976595
0.00885695
0.00801966
0.00725407
0.00655375
0.00587995
0.00522623
0.00459259
0.00397903
0.00338649
0.00282061
0.00228233
0.00177166
0.00128859
0.00083127
0.00038855
-0.00004143
-0.00045865
-0.00086313
-0.00124928
-0.00158358
-0.00186044
-0.00207986
-0.00224185
-0.00235330
-0.00245567
-0.00255587
-0.00265388
-0.00274973
-0.00284229
-0.00292497
-0.00299667
-0.00305738
-0.00310711
-0.00314751
-0.00318857
-0.00323194
-0.00327761
-0.00332560
-0.00337038
-0.00337886
-0.00334551
-0.00327034
-0.00315335
-0.00300100
-0.00285214
-0.00271324
-0.00258429
-0.00246529
-0.00235507
-0.00224649
-0.00213836
-0.00203069
-0.00192348
-0.00181798
-0.00172179
-0.00163615
-0.00156108
-0.00149657
-0.00143784
-0.00135619
-0.00124685
-0.00110980
-0.00094505
-0.00075778
-0.00057909
-0.00041414
-0.00026295
-0.00012552
-0.00000168
0.00010952
0.00020824
0.00029447
0.00036822
0.00043440
0.00052245
0.00063728
0.00077889
0.00094728
0.00113719
0.00131697
0.00148137
0.00163038
0.00176400
0.00188348
0.00199628
0.00210365
0.00220559
0.00230210
0.00239282
0.00247563
0.00255016
0.00261641
0.00267439
0.00272619
0.00278437
0.00285100
0.00292609
0.00300965
0.00309966
0.00318407
0.00326086
0.00333005
0.00339162
0.00344612
0.00349681
0.00354423
0.00358838
0.00362925
0.00366666
0.00369946
0.00372745
0.00375063
0.00376900
0.00378384
0.00380274
0.00382699
0.00385656
0.00389147
0.00393049
0.00396623
0.00399745
0.00402417
0.00404637
0.00406435
0.00407991
0.00409333
0.00410463
0.00411380
0.00412086
0.00412604
0.00412936
0.00413081
0.00413041
0.00412803
0.00412298
0.00411516
0.00410455
0.00409117
0.00407578
0.00406301
0.00405366
0.00404770
0.00404515
0.00404526
0.00404356
0.00403930
0.00403249
0.00402313
0.00401133
0.00399771
0.00398239
0.00396537
0.00394665
0.00392665
0.00390792
0.00389089
0.00387556
0.00386192
0.00384955
0.00383583
0.00382032
0.00380302
0.00378394
0.00376320
0.00374159
0.00371924
0.00369614
0.00367229
0.00364765
0.00362186
0.00359488
0.00356671
0.00353734
0.00350708
0.00347774
0.00344963
0.00342274
0.00339708
0.00337237
0.00334703
0.00332080
0.00329368
0.00326566
0.00323682
0.00320752
0.00317784
0.00314779
0.00311735
0.00308648
0.00305497
0.00302276
0.00298985
0.00295625
0.00292223
0.00288942
0.00285808
0.00282823
0.00279986
0.00277272
0.00274529
0.00271732
0.00268882
0.00265978
0.00263028
0.00260071
0.00257114
0.00254158
0.00251203
0.00248246
0.00245277
0.00242293
0.00239295
0.00236282
0.00233267
0.00230329
0.00227481
0.00224723
0.00222054
0.00219463
0.00216874
0.00214277
0.00211669
0.00209052
0.00206430
0.00203826
0.00201246
0.00198689
0.00196154
0.00193640
0.00191124
0.00188603
0.00186077
0.00183546
0.00181022
0.00178567
0.00176192
0.00173898
0.00171684
0.00169542
0.00167417
0.00165301
0.00163194
0.00161095
0.00159007
0.00156943
0.00154904
0.00152890
0.00150902
0.00148938
0.00146990
0.00145058
0.00143141
0.00141240
0.00139360
0.00137536
0.00135774
0.00134075
0.00132438
0.00130856
0.00129292
0.00127739
0.00126197
0.00124666
0.00123147
0.00121641
0.00120149
0.00118672
0.00117209
0.00115764
0.00114358
0.00112995
0.00111676
0.00110399
0.00109161
0.00107937
0.00106722
0.00105516
0.00104319
0.00103131
0.00101957
0.00100797
0.00099651
0.00098519
0.00097400
0.00096285
0.00095173
0.00094063
0.00092956
0.00091858
0.00090804
0.00089800
0.00088845
0.00087940
0.00087078
0.00086219
0.00085356
0.00084490
0.00083620
0.00082747
0.00081880
0.00081019
0.00080165
0.00079317
0.00078475
0.00077632
0.00076789
0.00075944
0.00075098
0.00074254
0.00073435
0.00072645
0.00071884
0.00071152
0.00070444
0.00069736
0.00069025
0.00068309
0.00067589
0.00066866
0.00066144
0.00065423
0.00064704
0.00063986
0.00063268
0.00062547
0.00061822
0.00061093
0.00060360
0.00059626
0.00058915
0.00058230
0.00057572
0.00056940
0.00056331
0.00055720
0.00055104
0.00054482
0.00053855
0.00053224
0.00052591
0.00051957
0.00051323
0.00050687
0.00050051
0.00049423
0.00048801
0.00048188
0.00047582
0.00046987
0.00046427
0.00045907
0.00045425
0.00044982
0.00044572
0.00044163
0.00043748
0.00043328
0.00042902
0.00042472
0.00042047
0.00041628
0.00041215
0.00040808
0.00040407
0.00040013
0.00039624
0.00039241
0.00038864
0.00038496
0.00038148
0.00037823
0.00037521
0.00037242
0.00036984
0.00036739
0.00036507
0.00036285
0.00036076
0.00035877
0.00035679
0.00035480
0.00035281
0.00035082
0.00034884
0.00034700
0.00034532
0.00034379
0.00034242
0.00034122
0.00034028
0.00033961
0.00033921
0.00033908
0.00033920
0.00033945
0.00033980
0.00034025
0.00034080
0.00034146
0.00034225
0.00034319
0.00034426
0.00034547
0.00034681
0.00034815
0.00034948
0.00035080
0.00035211
0.00035342
0.00035483
0.00035635
0.00035799
0.00035975
0.00036162
0.00036358
0.00036565
0.00036781
0.00037006
0.00037239
0.00037464
0.00037678
0.00037881
0.00038073
0.00038259
0.00038458
0.00038675
0.00038910
0.00039163
0.00039431
0.00039699
0.00039963
0.00040223
0.00040481
0.00040735
0.00040985
0.00041231
0.00041472
0.00041709
0.00041942
0.00042166
0.00042383
0.00042591
0.00042791
0.00042984
0.00043180
0.00043380
0.00043584
0.00043793
0.00044004
0.00044202
0.00044387
0.00044557
0.00044713
0.00044855
0.00044985
0.00045103
0.00045210
0.00045305
0.00045388
0.00045456
0.00045510
0.00045549
0.00045573
0.00045583
0.00045578
0.00045558
0.00045524
0.00045476
0.00045413
0.00045334
0.00045239
0.00045127
0.00045000
0.00044856
0.00044697
0.00044522
0.00044332
0.00044127
0.00043906
0.00043667
0.00043409
0.00043132
0.00042837
0.00042525
0.00042209
0.00041889
0.00041567
0.00041242
0.00040913
0.00040568
0.00040205
0.00039824
0.00039425
0.00039009
0.00038578
0.00038133
0.00037673
0.00037198
0.00036710
0.00036208
0.00035693
0.00035166
0.00034626
0.00034074
0.00033510
0.00032934
0.00032347
0.00031749
0.00031140
0.00030522
0.00029895
0.00029259
0.00028614
0.00027962
0.00027304
0.00026642
0.00025975
0.00025303
0.00024626
0.00023930
0.00023215
0.00022480
0.00021726
0.00020954
0.00020182
0.00019410
0.00018640
0.00017870
0.00017102
0.00016331
0.00015557
0.00014781
0.00014002
0.00013220
0.00012438
0.00011656
0.00010874
0.00010091
0.00009309
0.00008527
0.00007745
0.00006963
0.00006182
0.00005401
0.00004621
0.00003843
0.00003067
0.00002292
0.00001520
0.00000749
-0.00000019
-0.00000785
-0.00001549
-0.00002310
-0.00003069
-0.00003824
-0.00004576
-0.00005326
-0.00006072
-0.00006814
-0.00007551
-0.00008284
-0.00009012
-0.00009736
-0.00010456
-0.00011172
-0.00011884
-0.00012591
-0.00013295
-0.00013993
-0.00014686
-0.00015373
-0.00016054
-0.00016729
-0.00017400
-0.00018065
-0.00018724
-0.00019378
-0.00020027
-0.00020670
-0.00021308
-0.00021939
-0.00022564
-0.00023184
-0.00023798
-0.00024405
-0.00025008
-0.00025604
-0.00026195
-0.00026779
-0.00027358
-0.00027931
-0.00028498
-0.00029058
-0.00029611
-0.00030156
-0.00030693
-0.00031221
-0.00031744
-0.00032272
-0.00032808
-0.00033353
-0.00033905
-0.00034463
-0.00035015
-0.00035558
-0.00036093
-0.00036619
-0.00037137
-0.00037651
-0.00038162
-0.00038669
-0.00039173
-0.00039672
-0.00040168
-0.00040660
-0.00041147
-0.00041630
-0.00042110
-0.00042586
-0.00043061
-0.00043532
-0.00044002
-0.00044469
-0.00044933
-0.00045394
-0.00045852
-0.00046307
-0.00046759
-0.00047210
-0.00047659
-0.00048107
-0.00048554
-0.00048999
-0.00049443
-0.00049886
-0.00050326
-0.00050765
-0.00051202
-0.00051638
-0.00052073
-0.00052508
-0.00052941
-0.00053373
-0.00053803
-0.00054232
-0.00054660
-0.00055086
-0.00055511
-0.00055933
-0.00056352
-0.00056769
-0.00057184
-0.00057598
-0.00058023
-0.00058463
-0.00058916
-0.00059383
-0.00059862
-0.00060340
-0.00060815
-0.00061287
-0.00061756
-0.00062222
-0.00062689
-0.00063158
-0.00063629
-0.00064101
-0.00064576
-0.00065055
-0.00065540
-0.00066029
-0.00066523
-0.00067020
-0.00067509
-0.00067989
-0.00068459
-0.00068920
-0.00069373
-0.00069833
-0.00070303
-0.00070781
-0.00071268
-0.00071764
-0.00072265
-0.00072771
-0.00073281
-0.00073796
-0.00074316
-0.00074842
-0.00075375
-0.00075916
-0.00076463
-0.00077018
-0.00077578
-0.00078144
-0.00078716
-0.00079294
-0.00079877
-0.00080468
-0.00081068
-0.00081675
-0.00082290
-0.00082912
-0.00083541
-0.00084175
-0.00084815
-0.00085461
-0.00086114
-0.00086776
-0.00087447
-0.00088129
-0.00088821
-0.00089521
-0.00090216
-0.00090903
-0.00091584
-0.00092258
-0.00092927
-0.00093605
-0.00094292
-0.00094989
-0.00095696
-0.00096413
-0.00097136
-0.00097864
-0.00098598
-0.00099337
-0.00100081
-0.00100829
-0.00101581
-0.00102337
-0.00103096
-0.00103859
-0.00104626
-0.00105396
-0.00106169
-0.00106946
-0.00107727
-0.00108507
-0.00109287
-0.00110068
-0.00110848
-0.00111628
-0.00112408
-0.00113189
-0.00113970
-0.00114752
-0.00115533
-0.00116310
-0.00117080
-0.00117845
-0.00118604
-0.00119359
-0.00120122
-0.00120895
-0.00121678
-0.00122470
-0.00123271
-0.00124063
-0.00124845
-0.00125616
-0.00126377
-0.00127128
-0.00127872
-0.00128610
-0.00129343
-0.00130069
-0.00130790
-0.00131504
-0.00132212
-0.00132913
-0.00133608
-0.00134295
-0.00134962
-0.00135610
-0.00136236
-0.00136842
-0.00137428
-0.00137995
-0.00138543
-0.00139073
-0.00139584
-0.00140079
-0.00140564
-0.00141041
-0.00141510
-0.00141971
-0.00142423
-0.00142865
-0.00143296
-0.00143716
-0.00144126
-0.00144523
-0.00144909
-0.00145281
-0.00145640
-0.00145987
-0.00146320
-0.00146640
-0.00146946
-0.00147239
-0.00147518
-0.00147783
-0.00148034
-0.00148272
-0.00148496
-0.00148706
-0.00148903
-0.00149084
-0.00149250
-0.00149401
-0.00149537
-0.00149659
-0.00149766
-0.00149860
-0.00149940
-0.00150007
-0.00150060
-0.00150098
-0.00150121
-0.00150130
-0.00150124
-0.00150103
-0.00150070
-0.00150024
-0.00149966
-0.00149896
-0.00149813
-0.00149717
-0.00149608
-0.00149486
-0.00149352
-0.00149205
-0.00149048
-0.00148882
-0.00148707
-0.00148523
-0.00148328
-0.00148113
-0.00147875
-0.00147615
-0.00147333
-0.00147030
-0.00146720
-0.00146404
-0.00146082
-0.00145754
-0.00145420
-0.00145079
-0.00144729
-0.00144372
-0.00144007
-0.00143634
-0.00143255
-0.00142870
-0.00142480
-0.00142083
-0.00141680
-0.00141271
-0.00140857
-0.00140436
-0.00140009
-0.00139577
-0.00139140
-0.00138698
-0.00138251
-0.00137800
-0.00137344
-0.00136882
-0.00136413
-0.00135938
-0.00135456
-0.00134970
-0.00134491
-0.00134022
-0.00133563
-0.00133113
-0.00132672
-0.00132227
-0.00131776
-0.00131320
-0.00130858
-0.00130392
-0.00129926
-0.00129462
-0.00129000
-0.00128539
-0.00128078
-0.00127605
-0.00127120
-0.00126621
-0.00126109
-0.00125587
-0.00125068
-0.00124554
-0.00124046
-0.00123543
-0.00123045
-0.00122550
-0.00122056
-0.00121566
-0.00121077
-0.00120591
-0.00120110
-0.00119636
-0.00119168
-0.00118706
-0.00118249
-0.00117785
-0.00117313
-0.00116832
-0.00116344
-0.00115849
-0.00115358
-0.00114873
-0.00114394
-0.00113921
-0.00113456
-0.00113008
-0.00112579
-0.00112169
-0.00111778
-0.00111404
-0.00111036
-0.00110672
-0.00110312
-0.00109956
-0.00109605
-0.00109259
-0.00108920
-0.00108586
-0.00108259
-0.00107938
-0.00107626
-0.00107322
-0.00107027
-0.00106741
-0.00106463
-0.00106195
-0.00105938
-0.00105691
-0.00105454
-0.00105227
-0.00105011
-0.00104805
-0.00104610
-0.00104426
-0.00104252
-0.00104091
-0.00103944
-0.00103809
-0.00103687
-0.00103577
-0.00103470
-0.00103363
-0.00103256
-0.00103151
-0.00103048
-0.00102960
-0.00102888
-0.00102834
-0.00102796
-0.00102774
-0.00102763
-0.00102762
-0.00102773
-0.00102793
-0.00102827
-0.00102887
-0.00102975
-0.00103093
-0.00103240
-0.00103411
-0.00103583
-0.00103750
-0.00103913
-0.00104072
-0.00104230
-0.00104399
-0.00104582
-0.00104780
-0.00104992
-0.00105217
-0.00105452
-0.00105696
-0.00105949
-0.00106212
-0.00106484
-0.00106763
-0.00107051
-0.00107347
-0.00107650
-0.00107961
-0.00108278
-0.00108600
-0.00108928
-0.00109261
-0.00109600
-0.00109941
-0.00110285
-0.00110631
-0.00110979
-0.00111330
-0.00111683
-0.00112037
-0.00112393
-0.00112750
-0.00113107
-0.00113451
-0.00113779
-0.00114092
-0.00114390
-0.00114674
-0.00114954
-0.00115231
-0.00115506
-0.00115778
-0.00116047
-0.00116307
-0.00116558
-0.00116799
-0.00117032
-0.00117255
-0.00117468
-0.00117671
-0.00117864
-0.00118047
-0.00118219
-0.00118375
-0.00118513
-0.00118635
-0.00118739
-0.00118829
-0.00118918
-0.00119007
-0.00119097
-0.00119188
-0.00119276
-0.00119333
-0.00119356
-0.00119343
-0.00119295
-0.00119215
-0.00119118
-0.00119007
-0.00118881
-0.00118741
-0.00118587
-0.00118414
-0.00118223
-0.00118013
-0.00117785
-0.00117539
-0.00117271
-0.00116984
-0.00116675
-0.00116346
-0.00115996
-0.00115628
-0.00115241
-0.00114836
-0.00114412
-0.00113969
-0.00113507
-0.00113024
-0.00112521
-0.00111999
-0.00111456
-0.00110894
-0.00110314
-0.00109714
-0.00109096
-0.00108459
-0.00107803
-0.00107129
-0.00106435
-0.00105722
-0.00104991
-0.00104243
-0.00103479
-0.00102699
-0.00101903
-0.00101091
-0.00100264
-0.00099423
-0.00098566
-0.00097695
-0.00096809
-0.00095907
-0.00094989
-0.00094054
-0.00093104
-0.00092140
-0.00091176
-0.00090216
-0.00089259
-0.00088304
-0.00087351
-0.00086389
-0.00085414
-0.00084429
-0.00083432
-0.00082424
-0.00081410
-0.00080390
-0.00079365
-0.00078334
-0.00077298
-0.00076260
-0.00075220
-0.00074179
-0.00073136
-0.00072091
-0.00071047
-0.00070002
-0.00068958
-0.00067915
-0.00066872
-0.00065831
-0.00064794
-0.00063760
-0.00062729
-0.00061702
-0.00060683
-0.00059673
-0.00058671
-0.00057678
-0.00056692
-0.00055702
-0.00054707
-0.00053706
-0.00052701
-0.00051693
-0.00050695
-0.00049711
-0.00048741
-0.00047784
-0.00046839
-0.00045907
-0.00044987
-0.00044078
-0.00043181
-0.00042296
-0.00041423
-0.00040563
-0.00039715
-0.00038879
-0.00038055
-0.00037245
-0.00036448
-0.00035665
-0.00034896
-0.00034140
-0.00033399
-0.00032673
-0.00031962
-0.00031266
-0.00030583
-0.00029904
-0.00029227
-0.00028551
-0.00027878
-0.00027209
-0.00026554
-0.00025916
-0.00025293
-0.00024687
-0.00024097
-0.00023523
-0.00022963
-0.00022419
-0.00021889
-0.00021373
-0.00020857
-0.00020340
-0.00019820
-0.00019299
-0.00018779
-0.00018270
-0.00017774
-0.00017292
-0.00016823
-0.00016367
-0.00015920
-0.00015480
-0.00015047
-0.00014622
-0.00014204
-0.00013793
-0.00013389
-0.00012990
-0.00012599
-0.00012213
-0.00011834
-0.00011462
-0.00011096
-0.00010737
-0.00010382
-0.00010018
-0.00009642
-0.00009255
-0.00008856
-0.00008446
-0.00008037
-0.00007629
-0.00007221
-0.00006815
-0.00006412
-0.00006018
-0.00005634
-0.00005262
-0.00004900
-0.00004548
-0.00004193
-0.00003834
-0.00003470
-0.00003103
-0.00002730
-0.00002338
-0.00001926
-0.00001495
-0.00001043
-0.00000573
-0.00000096
0.00000385
0.00000870
0.00001360
0.00001853
0.00002344
0.00002831
0.00003315
0.00003795
0.00004273
0.00004753
0.00005236
0.00005722
0.00006211
0.00006712
0.00007270
0.00007894
0.00008583
0.00009338
0.00010150
0.00010969
0.00011786
0.00012603
0.00013418
0.00014234
0.00015067
0.00015920
0.00016792
0.00017683
0.00018593
0.00019510
0.00020433
0.00021362
0.00022297
0.00023249
0.00024282
0.00025407
0.00026624
0.00027933
0.00029323
0.00030734
0.00032155
0.00033585
0.00035026
0.00036481
0.00037968
0.00039493
0.00041053
0.00042651
0.00044282
0.00045938
0.00047615
0.00049313
0.00051033
0.00052790
0.00054670
0.00056690
0.00058849
0.00061147
0.00063570
0.00066034
0.00068526
0.00071046
0.00073593
0.00076173
0.00078813
0.00081519
0.00084291
0.00087128
0.00090026
0.00092957
0.00095917
0.00098905
0.00101923
0.00104992
0.00108250
0.00111721
0.00115405
0.00119301
0.00123390
0.00127552
0.00131766
0.00136033
0.00140354
0.00144728
0.00149167
0.00153672
0.00158242
0.00162878
0.00167596
0.00172494
0.00177587
0.00182876
0.00188362
0.00194029
0.00199799
0.00205656
0.00211601
0.00217635
0.00223761
0.00230005
0.00236370
0.00242858
0.00249468
0.00256201
0.00263066
0.00270064
0.00277195
0.00284459
0.00291853
0.00299363
0.00306986
0.00314722
0.00322572
0.00330555
0.00338794
0.00347309
0.00356101
0.00365169
0.00374493
0.00383948
0.00393513
0.00403188
0.00412974
0.00422875
0.00432926
0.00443132
0.00453492
0.00464007
0.00474672
0.00485456
0.00496353
0.00507364
0.00518488
0.00529756
0.00541350
0.00553301
0.00565608
0.00578272
0.00591259
0.00604376
0.00617591
0.00630903
0.00644313
0.00657828
0.00671502
0.00685344
0.00699352
0.00713528
0.00727863
0.00742302
0.00756837
0.00771467
0.00786194
0.00801067
0.00816383
0.00832193
0.00848498
0.00865296
0.00882539
0.00899937
0.00917440
0.00935048
0.00952762
0.00970568
0.00988389
0.01006214
0.01024042
0.01041873
0.01059845
0.01078787
0.01098838
0.01119997
0.01142265
0.01165499
0.01188845
0.01212161
0.01235447
0.01258702
0.01281964
0.01305458
0.01329221
0.01353254
0.01377556
0.01402133
0.01427021
0.01452226
0.01477747
0.01503584
0.01529723
0.01556071
0.01582614
0.01609352
0.01636284
0.01663552
0.01692007
0.01721789
0.01752900
0.01785338
0.01818968
0.01852969
0.01887204
0.01921674
0.01956378
0.01991357
0.02026851
0.02062900
0.02099504
0.02136663
0.02174355
0.02212450
0.02250927
0.02289786
0.02329026
0.02368835
0.02410336
0.02453718
0.02498980
0.02546122
0.02594958
0.02644379
0.02694198
0.02744416
0.02795033
0.02846108
0.02898007
0.02950789
0.03004454
0.03059003
0.03114402
0.03170452
0.03227121
0.03284407
0.03342312
0.03401064
0.03462043
0.03525478
0.03591369
0.03659716
0.03730306
0.03801854
0.03874149
0.03947189
0.04020975
0.04095517
0.04170876
0.04247063
0.04324078
0.04401921
0.04480857
0.04562469
0.04647024
0.04734520
0.04824958
0.04918082
0.05012357
0.05107528
0.05203596
0.05300559
0.05398493
0.05497844
0.05598689
0.05701026
0.05804855
0.05910189
0.06017095
0.06125586
0.06235661
0.06347320
0.06460528
0.06575066
0.06690898
0.06808024
0.06926444
0.07046441
0.07169702
0.07296511
0.07426866
0.07560769
0.07697935
0.07836663
0.07976671
0.08117957
0.08260523
0.08404443
0.08550171
0.08697782
0.08847277
0.08998656
0.09151839
0.09306358
0.09462134
0.09619166
0.09777455
0.09937420
0.10101575
0.10270338
0.10443711
0.10621692
0.10803850
0.10987593
0.11172487
0.11358534
0.11545732
0.11734185
0.11924501
0.12116781
0.12311027
0.12507238
0.12705357
0.12905048
0.13106252
0.13308970
0.13513203
0.13719216
0.13928605
0.14141635
0.14358308
0.14578621
0.14802311
0.15027783
0.15254770
0.15483272
0.15713291
0.15944886
0.16178423
0.16413963
0.16651506
0.16891053
0.17132539
0.17375585
0.17620128
0.17866167
0.18113703
0.18362974
0.18615410
0.18871248
0.19130489
0.19393133
0.19658931
0.19926391
0.20195265
0.20465552
0.20737253
0.21010395
0.21285144
0.21561527
0.21839545
0.22119198
0.22400449
0.22683089
0.22967083
0.23252429
0.23539128
0.23827361
0.24118205
0.24411840
0.24708267
0.25007485
0.25309265
0.25612226
0.25916140
0.26221007
0.26526826
0.26833628
0.27141604
0.27450783
0.27761167
0.28072755
0.28385475
0.28698900
0.29012956
0.29327645
0.29642966
0.29959084
0.30276979
0.30596817
0.30918597
0.31242319
0.31567779
0.31893744
0.32220009
0.32546576
0.32873442
0.33200631
0.33528264
0.33856363
0.34184928
0.34513958
0.34843370
0.35172660
0.35501744
0.35830621
0.36159292
0.36487909
0.36817388
0.37147882
0.37479391
0.37811915
0.38145265
0.38478308
0.38810855
0.39142906
0.39474461
0.39805540
0.40136272
0.40466675
0.40796751
0.41126498
0.41455812
0.41784050
0.42111106
0.42436980
0.42761672
0.43085378
0.43409273
0.43733553
0.44058218
0.44383268
0.44708513
0.45032821
0.45356000
0.45678052
0.45998976
0.46318655
0.46636380
0.46952034
0.47265617
0.47577129
0.47886680
0.48194936
0.48502009
0.48807897
0.49112601
0.49416164
0.49718842
0.50020677
0.50321671
0.50621822
0.50921021
0.51218613
0.51514487
0.51808643
0.52101082
0.52391834
0.52681075
0.52968836
0.53255118
0.53539919
0.53823083
0.54103677
0.54381544
0.54656683
0.54929096
0.55198990
0.55467621
0.55735197
0.56001718
0.56267184
0.56531482
0.56793929
0.57054411
0.57312929
0.57569481
0.57824115
0.58077107
0.58328503
0.58578304
0.58826508
0.59072924
0.59316395
0.59556728
0.59793925
0.60027984
0.60259165
0.60489016
0.60717797
0.60945507
0.61172147
0.61397601
0.61621180
0.61842770
0.62062370
0.62279981
0.62495666
0.62709807
0.62922467
0.63133646
0.63343344
0.63551338
0.63756287
0.63957966
0.64156376
0.64351517
0.64543671
0.64734523
0.64924357
0.65113170
0.65300965
0.65487695
0.65673094
0.65857117
0.66039765
0.66221036
0.66400689
0.66577269
0.66750534
0.66920485
0.67087121
0.67250760
0.67413309
0.67575087
0.67736093
0.67896327
0.68055695
0.68213627
0.68370028
0.68524899
0.68678240
0.68830071
0.68980520
0.69129607
0.69277332
0.69423697
0.69568750
0.69712798
0.69855889
0.69998025
0.70139206
0.70279166
0.70416316
0.70550391
0.70681391
0.70809317
0.70934513
0.71059053
0.71183283
0.71307202
0.71430810
0.71553999
0.71676112
0.71797042
0.71916789
0.72035351
0.72152822
0.72269749
0.72386225
0.72502249
0.72617823
0.72732541
0.72843982
0.72951742
0.73055821
0.73156219
0.73253395
0.73350098
0.73446789
0.73543466
0.73640131
0.73736670
0.73832413
0.73927249
0.74021178
0.74114199
0.74206368
0.74298019
0.74389206
0.74479930
0.74570191
0.74659737
0.74747062
0.74831915
0.74914295
0.74994203
0.75071920
0.75149142
0.75226150
0.75302944
0.75379524
0.75455818
0.75531395
0.75606183
0.75680181
0.75753390
0.75825856
0.75897855
0.75969433
0.76040591
0.76111329
0.76181435
0.76249644
0.76315747
0.76379742
0.76441630
0.76501643
0.76561170
0.76620444
0.76679463
0.76738229
0.76796694
0.76854579
0.76911837
0.76968469
0.77024474
0.77079893
0.77134967
0.77189736
0.77244200
0.77298360
0.77352019
0.77404006
0.77454126
0.77502377
0.77548761
0.77593503
0.77637955
0.77682343
0.77726667
0.77770927
0.77815069
0.77858772
0.77901983
0.77944702
0.77986928
0.78028700
0.78070243
0.78111595
0.78152756
0.78193726
0.78234341
0.78273611
0.78311370
0.78347620
0.78382360
0.78415784
0.78449056
0.78482370
0.78515726
0.78549123
0.78582512
0.78615587
0.78648297
0.78680642
0.78712623
0.78744274
0.78775809
0.78807265
0.78838641
0.78869937
0.78901008
0.78930981
0.78959710
0.78987194
0.79013435
0.79038600
0.79063694
0.79088887
0.79114178
0.79139566
0.79165008
0.79190234
0.79215201
0.79239908
0.79264355
0.79288579
0.79312797
0.79337046
0.79361326
0.79385636
0.79409815
0.79432893
0.79454706
0.79475255
0.79494540
0.79512734
0.79530875
0.79549136
0.79567517
0.79586018
0.79604603
0.79623066
0.79641371
0.79659517
0.79677506
0.79695355
0.79713171
0.79730973
0.79748761
0.79766534
0.79784200
0.79801205
0.79817455
0.79832952
0.79847694
0.79861789
0.79875874
0.79890056
0.79904336
0.79918712
0.79933156
0.79947485
0.79961669
0.79975709
0.79989604
0.80003372
0.80017112
0.80030842
0.80044561
0.80058271
0.80071896
0.80085001
0.80097511
0.80109426
0.80120747
0.80131562
0.80142393
0.80153329
0.80164370
0.80175516
0.80186739
0.80197882
0.80208917
0.80219844
0.80230663
0.80241392
0.80252140
0.80262925
0.80273746
0.80284603
0.80295434
0.80305855
0.80315802
0.80325277
0.80334279
0.80342887
0.80351580
0.80360437
0.80369458
0.80378643
0.80387967
0.80397273
0.80406535
0.80415754
0.80424929
0.80434072
0.80443256
0.80452492
0.80461780
0.80471120
0.80480475
0.80489618
0.80498513
0.80507158
0.80515555
0.80523745
0.80531983
0.80540309
0.80548725
0.80557231
0.80565823
0.80574492
0.80583236
0.80592053
0.80600945
0.80609872
0.80618607
0.80627112
0.80635387
0.80643430
0.80651286
0.80659204
0.80667227
0.80675354
0.80683587
0.80691921
0.80700332
0.80708818
0.80717377
0.80726011
0.80734713
0.80743451
0.80752219
0.80761018
0.80769847
0.80778716
0.80787681
0.80796751
0.80805925
0.80815205
0.80824541
0.80833648
0.80842476
0.80851027
0.80859299
0.80867343
0.80875454
0.80883682
0.80892027
0.80900488
0.80909062
0.80917723
0.80926467
0.80935295
0.80944205
0.80953194
0.80962234
0.80971320
0.80980452
0.80989631
0.80998837
0.81007951
0.81016956
0.81025850
0.81034633
0.81043325
0.81052043
0.81060807
0.81069615
0.81078469
0.81087367
0.81096298
0.81105261
0.81114257
0.81123284
0.81132342
0.81141419
0.81150512
0.81159621
0.81168747
0.81177874
0.81186906
0.81195827
0.81204636
0.81213335
0.81221938
0.81230534
0.81239138
0.81247750
0.81256370
0.81265002
0.81273669
0.81282373
0.81291115
0.81299895
0.81308695
0.81317400
0.81325993
0.81334472
0.81342839
0.81351107
0.81359359
0.81367609
0.81375858
0.81384106
0.81392345
0.81400537
0.81408674
0.81416757
0.81424785
0.81432770
0.81440776
0.81448814
0.81456884
0.81464986
0.81473111
0.81481206
0.81489262
0.81497279
0.81505257
0.81513187
0.81521024
0.81528760
0.81536394
0.81543927
0.81551367
0.81558768
0.81566139
0.81573480
0.81580792
0.81588080
0.81595392
0.81602735
0.81610109
0.81617514
0.81624942
0.81632345
0.81639717
0.81647056
0.81654362
0.81661626
0.81668779
0.81675812
0.81682723
0.81689513
0.81696196
0.81702855
0.81709506
0.81716147
0.81722778
0.81729403
0.81736043
0.81742699
0.81749372
0.81756063
0.81762766
0.81769458
0.81776136
0.81782799
0.81789446
0.81796071
0.81802624
0.81809098
0.81815493
0.81821808
0.81828053
0.81834287
0.81840519
0.81846750
0.81852978
0.81859211
0.81865482
0.81871799
0.81878161
0.81884568
0.81891005
0.81897390
0.81903708
0.81909959
0.81916144
0.81922274
0.81928423
0.81934603
0.81940815
0.81947059
0.81953328
0.81959592
0.81965844
0.81972086
0.81978315
0.81984541
0.81990799
0.81997099
0.82003438
0.82009818
0.82016236
0.82022676
0.82029136
0.82035616
0.82042116
0.82048628
0.82055099
0.82061520
0.82067893
0.82074216
0.82080500
0.82086807
0.82093147
0.82099520
0.82105925
0.82112365
0.82118849
0.82125377
0.82131951
0.82138570
0.82145232
0.82151921
0.82158635
0.82165373
0.82172137
0.82178917
0.82185667
0.82192380
0.82199055
0.82205692
0.82212301
0.82218942
0.82225625
0.82232348
0.82239114
0.82245918
0.82252748
0.82259601
0.82266477
0.82273375
0.82280297
0.82287240
0.82294207
0.82301195
0.82308206
0.82315229
0.82322199
0.82329108
0.82335953
0.82342737
0.82349467
0.82356204
0.82362956
0.82369724
0.82376507
0.82383308
0.82390128
0.82396971
0.82403834
0.82410719
0.82417611
0.82424423
0.82431140
0.82437762
0.82444289
0.82450734
0.82457167
0.82463601
0.82470036
0.82476471
0.82482904
0.82489311
0.82495690
0.82502040
0.82508361
0.82514653
0.82520911
0.82527137
0.82533329
0.82539487
0.82545612
0.82551699
0.82557749
0.82563761
0.82569736
0.82575669
0.82581532
0.82587321
0.82593036
0.82598677
0.82604246
0.82609756
0.82615211
0.82620610
0.82625953
0.82631240
0.82636472
0.82641650
0.82646774
0.82651843
0.82656857
0.82661810
0.82666702
0.82671533
0.82676303
0.82681013
0.82685667
0.82690265
0.82694808
0.82699296
0.82703723
0.82708046
0.82712261
0.82716367
0.82720363
0.82724259
0.82728105
0.82731907
0.82735668
0.82739386
0.82743058
0.82746661
0.82750193
0.82753652
0.82757039
0.82760356
0.82763612
0.82766808
0.82769946
0.82773024
0.82776038
0.82778959
0.82781781
0.82784504
0.82787128
0.82789663
0.82792162
0.82794634
0.82797080
0.82799500
0.82801888
0.82804214
0.82806473
0.82808666
0.82810791
0.82812851
0.82814857
0.82816810
0.82818710
0.82820558
0.82822353
0.82824100
0.82825799
0.82827449
0.82829051
0.82830606
0.82832120
0.82833593
0.82835025
0.82836417
0.82837768
0.82839082
0.82840360
0.82841601
0.82842806
0.82843978
0.82845143
0.82846305
0.82847464
0.82848621
0.82849766
0.82850846
0.82851852
0.82852785
0.82853645
0.82854443
0.82855250
0.82856077
0.82856925
0.82857793
0.82858679
0.82859563
0.82860443
0.82861318
0.82862189
0.82863058
0.82863947
0.82864860
0.82865796
0.82866755
0.82867727
0.82868652
0.82869521
0.82870333
0.82871088
0.82871801
0.82872554
0.82873360
0.82874221
0.82875136
0.82876101
0.82877090
0.82878099
0.82879127
0.82880176
0.82881247
0.82882356
0.82883505
0.82884693
0.82885922
0.82887184
0.82888443
0.82889694
0.82890935
0.82892168
0.82893399
0.82894669
0.82895986
0.82897349
0.82898760
0.82900215
0.82901709
0.82903241
0.82904809
0.82906415
0.82908059
0.82909744
0.82911472
0.82913241
0.82915053
0.82916903
0.82918767
0.82920640
0.82922523
0.82924416
0.82926323
0.82928268
0.82930258
0.82932290
0.82934366
0.82936483
0.82938632
0.82940813
0.82943023
0.82945265
0.82947539
0.82949859
0.82952228
0.82954645
0.82957111
0.82959619
0.82962132
0.82964645
0.82967157
0.82969668
0.82972182
0.82974722
0.82977293
0.82979894
0.82982525
0.82985186
0.82987881
0.82990609
0.82993371
0.82996166
0.82998993
0.83001841
0.83004708
0.83007594
0.83010498
0.83013417
0.83016325
0.83019218
0.83022095
0.83024958
0.83027809
0.83030671
0.83033548
0.83036441
0.83039348
0.83042270
0.83045195
0.83048122
0.83051052
0.83053984
0.83056917
0.83059852
0.83062786
0.83065721
0.83068657
0.83071590
0.83074505
0.83077399
0.83080272
0.83083125
0.83085958
0.83088783
0.83091601
0.83094412
0.83097217
0.83100014
0.83102795
0.83105559
0.83108305
0.83111034
0.83113746
0.83116440
0.83119118
0.83121780
0.83124424
0.83127049
0.83129639
0.83132190
0.83134704
0.83137180
0.83139619
0.83142035
0.83144427
0.83146798
0.83149146
0.83151472
0.83153768
0.83156035
0.83158273
0.83160482
0.83162661
0.83164808
0.83166924
0.83169009
0.83171062
0.83173083
0.83175072
0.83177030
0.83178956
0.83180849
0.83182711
0.83184541
0.83186340
0.83188106
0.83189841
0.83191544
0.83193210
0.83194840
0.83196433
0.83197989
0.83199510
0.83201011
0.83202493
0.83203957
0.83205401
0.83206826
0.83208220
0.83209581
0.83210910
0.83212207
0.83213472
0.83214707
0.83215912
0.83217087
0.83218233
0.83219352
0.83220456
0.83221549
0.83222630
0.83223699
0.83224755
0.83225789
0.83226801
0.83227789
0.83228754
0.83229696
0.83230607
0.83231487
0.83232337
0.83233155
0.83233943
0.83234714
0.83235468
0.83236206
0.83236927
0.83237635
0.83238355
0.83239089
0.83239839
0.83240603
0.83241379
0.83242151
0.83242916
0.83243672
0.83244422
0.83245159
0.83245861
0.83246524
0.83247147
0.83247729
0.83248285
0.83248889
0.83249554
0.83250280
0.83251066
0.83251906
0.83252753
0.83253599
0.83254445
0.83255290
0.83256130
0.83256946
0.83257734
0.83258493
0.83259223
0.83259932
0.83260662
0.83261419
0.83262204
0.83263016
0.83263855
0.83264710
0.83265579
0.83266464
0.83267364
0.83268285
0.83269267
0.83270318
0.83271436
0.83272623
0.83273873
0.83275152
0.83276456
0.83277783
0.83279135
0.83280511
0.83281912
0.83283338
0.83284789
0.83286264
0.83287766
0.83289307
0.83290888
0.83292511
0.83294174
0.83295883
0.83297663
0.83299517
0.83301447
0.83303453
0.83305530
0.83307656
0.83309828
0.83312046
0.83314310
0.83316619
0.83318973
0.83321372
0.83323816
0.83326304
0.83328838
0.83331427
0.83334072
0.83336772
0.83339529
0.83342345
0.83345246
0.83348235
0.83351312
0.83354478
0.83357728
0.83361037
0.83364401
0.83367821
0.83371295
0.83374825
0.83378416
0.83382070
0.83385786
0.83389565
0.83393406
0.83397306
0.83401267
0.83405288
0.83409368
0.83413510
0.83417726
0.83422018
0.83426385
0.83430827
0.83435341
0.83439901
0.83444502
0.83449144
0.83453828
0.83458555
0.83463338
0.83468180
0.83473080
0.83478038
0.83483053
0.83488114
0.83493219
0.83498368
0.83503562
0.83508803
0.83514111
0.83519491
0.83524943
0.83530465
0.83536053
0.83541677
0.83547330
0.83553013
0.83558725
0.83564468
0.83570244
0.83576055
0.83581899
0.83587777
0.83593685
0.83599602
0.83605524
0.83611451
0.83617383
0.83623325
0.83629309
0.83635340
0.83641418
0.83647544
0.83653711
0.83659888
0.83666068
0.83672251
0.83678438
0.83684629
0.83690821
0.83697014
0.83703208
0.83709404
0.83715601
0.83721795
0.83727986
0.83734173
0.83740358
0.83746538
0.83752709
0.83758868
0.83765015
0.83771152
0.83777276
0.83783386
0.83789480
0.83795558
0.83801621
0.83807667
0.83813692
0.83819694
0.83825674
0.83831631
0.83837566
0.83843474
0.83849356
0.83855211
0.83861039
0.83866839
0.83872597
0.83878312
0.83883983
0.83889610
0.83895195
0.83900742
0.83906253
0.83911727
0.83917164
0.83922564
0.83927920
0.83933231
0.83938498
0.83943720
0.83948900
0.83954045
0.83959157
0.83964236
0.83969282
0.83974293
0.83979253
0.83984157
0.83989008
0.83993804
0.83998546
0.84003236
0.84007874
0.84012460
0.84016994
0.84021476
0.84025905
0.84030281
0.84034604
0.84038875
0.84043091
0.84047251
0.84051353
0.84055397
0.84059384
0.84063315
0.84067203
0.84071050
0.84074856
0.84078621
0.84082343
0.84086009
0.84089618
0.84093169
0.84096663
0.84100099
0.84103486
0.84106825
0.84110114
0.84113354
0.84116544
0.84119667
0.84122721
0.84125708
0.84128625
0.84131481
0.84134313
0.84137129
0.84139927
0.84142709
0.84145469
0.84148182
0.84150843
0.84153451
0.84156008
0.84158516
0.84160988
0.84163426
0.84165832
0.84168205
0.84170540
0.84172814
0.84175022
0.84177163
0.84179238
0.84181255
0.84183254
0.84185243
0.84187222
0.84189190
0.84191148
0.84193085
0.84195002
0.84196897
0.84198771
0.84200617
0.84202398
0.84204106
0.84205741
0.84207304
0.84208801
0.84210275
0.84211733
0.84213175
0.84214601
0.84216011
0.84217409
0.84218795
0.84220171
0.84221535
0.84222888
0.84224230
0.84225563
0.84226885
0.84228197
0.84229500
0.84230800
0.84232098
0.84233395
0.84234690
0.84235978
0.84237226
0.84238429
0.84239586
0.84240699
0.84241772
0.84242845
0.84243925
0.84245010
0.84246102
0.84247198
0.84248292
0.84249382
0.84250468
0.84251550
0.84252629
0.84253713
0.84254801
0.84255894
0.84256992
0.84258091
0.84259168
0.84260220
0.84261245
0.84262244
0.84263220
0.84264188
0.84265150
0.84266107
0.84267058
0.84268004
0.84268952
0.84269901
0.84270853
0.84271807
0.84272763
0.84273724
0.84274691
0.84275663
0.84276641
0.84277620
0.84278577
0.84279506
0.84280409
0.84281285
0.84282137
0.84282977
0.84283808
0.84284629
0.84285441
0.84286245
0.84287044
0.84287840
0.84288632
0.84289421
0.84290207
0.84290993
0.84291782
0.84292572
0.84293364
0.84294151
0.84294893
0.84295583
0.84296221
0.84296806
0.84297346
0.84297878
0.84298408
0.84298936
0.84299461
0.84299983
0.84300489
0.84300976
0.84301445
0.84301895
0.84302326
0.84302739
0.84303133
0.84303508
0.84303864
0.84304199
0.84304504
0.84304777
0.84305017
0.84305226
0.84305389
0.84305432
0.84305342
0.84305118
0.84304761
0.84304287
0.84303790
0.84303287
0.84302778
0.84302262
0.84301734
0.84301162
0.84300539
0.84299867
0.84299145
0.84298377
0.84297591
0.84296790
0.84295975
0.84295145
0.84294250
0.84292979
0.84291281
0.84289156
0.84286604
0.84283682
0.84280732
0.84277811
0.84274920
0.84272058
0.84269205
0.84266241
0.84263147
0.84259923
0.84256567
0.84253099
0.84249624
0.84246159
0.84242705
0.84239261
0.84235710
0.84231350
0.84226063
0.84219850
0.84212710
0.84204694
0.84196108
0.84187002
0.84177377
0.84167232
0.84156989
0.84149172
