3.200000 0.00025000 640
3.200000 0.00025000 640
3.200000 0.00025000 640
3.200000 0.00025000 640
3.200000 0.00025000 640
3.200000 0.00025000 640
3.200000 0.00025000 640
3.200000 0.00025000 640
3.200000 0.00025000 640
3.200000 0.00025000 640
3.200000 0.00025000 640
3.200000 0.00025000 640
3.200000 0.00025000 640
3.200000 0.00025000 640
3.200000 0.00025000 640
3.200000 0.00025000 640
3.200000 0.00025000 640
3.200000 0.00025000 640
3.200000 0.00025000 640
3.200000 0.00025000 640
3.200000 0.00025000 640
3.200000 0.00025000 640
3.200000 0.00025000 640
3.200000 0.00025000 640
3.200000 0.00025000 640
3.200000 0.00025000 640
3.200000 0.00025000 640
3.200000 0.00025000 640
3.200000 0.00025000 640
3.200000 0.00025000 640
3.200000 0.00025000 640
3.200000 0.00025000 640
3.200000 0.00025000 640
3.200000 0.00025000 640
3.200000 0.00025000 640
3.200000 0.00025000 640
3.200000 0.00025000 640
3.200000 0.00025000 640
3.200000 0.00025000 640
3.200000 0.00025000 640
3.200000 0.00025000 640
3.200000 0.00025000 640
3.200000 0.00025000 640
3.200000 0.00025000 640
3.200000 0.00025000 640
3.200000 0.00025000 640
3.200000 0.00025000 640
3.200000 0.00025000 640
3.200000 0.00025000 640
3.200000 0.00025000 640
