3.200000 0.00150000 3200
3.200000 0.00150000 3200
3.200000 0.00150000 3200
3.200000 0.00150000 3200
3.200000 0.00150000 3200
3.200000 0.00150000 3200
3.200000 0.00150000 3200
3.200000 0.00150000 3200
3.200000 0.00150000 3200
3.200000 0.00150000 3200
3.200000 0.00150000 3200
3.200000 0.00150000 3200
3.200000 0.00150000 3200
3.200000 0.00150000 3200
3.200000 0.00150000 3200
3.200000 0.00150000 3200
3.200000 0.00150000 3200
3.200000 0.00150000 3200
3.200000 0.00150000 3200
3.200000 0.00150000 3200
3.200000 0.00150000 3200
3.200000 0.00150000 3200
3.200000 0.00150000 3200
3.200000 0.00150000 3200
3.200000 0.00150000 3200
3.200000 0.00150000 3200
3.200000 0.00150000 3200
3.200000 0.00150000 3200
3.200000 0.00150000 3200
3.200000 0.00150000 3200
3.200000 0.00150000 3200
3.200000 0.00150000 3200
3.200000 0.00150000 3200
3.200000 0.00150000 3200
3.200000 0.00150000 3200
3.200000 0.00150000 3200
3.200000 0.00150000 3200
3.200000 0.00150000 3200
3.200000 0.00150000 3200
3.200000 0.00150000 3200
3.200000 0.00150000 3200
3.200000 0.00150000 3200
3.200000 0.00150000 3200
3.200000 0.00150000 3200
3.200000 0.00150000 3200
3.200000 0.00150000 3200
3.200000 0.00150000 3200
3.200000 0.00150000 3200
3.200000 0.00150000 3200
3.200000 0.00150000 3200
