3.200000 0.00012500 640
3.200000 0.00012500 640
3.200000 0.00012500 640
3.200000 0.00012500 640
3.200000 0.00012500 640
3.200000 0.00012500 640
3.200000 0.00012500 640
3.200000 0.00012500 640
3.200000 0.00012500 640
3.200000 0.00012500 640
3.200000 0.00012500 640
3.200000 0.00012500 640
3.200000 0.00012500 640
3.200000 0.00012500 640
3.200000 0.00012500 640
3.200000 0.00012500 640
3.200000 0.00012500 640
3.200000 0.00012500 640
3.200000 0.00012500 640
3.200000 0.00012500 640
3.200000 0.00012500 640
3.200000 0.00012500 640
3.200000 0.00012500 640
3.200000 0.00012500 640
3.200000 0.00012500 640
3.200000 0.00012500 640
3.200000 0.00012500 640
3.200000 0.00012500 640
3.200000 0.00012500 640
3.200000 0.00012500 640
3.200000 0.00012500 640
3.200000 0.00012500 640
3.200000 0.00012500 640
3.200000 0.00012500 640
3.200000 0.00012500 640
3.200000 0.00012500 640
3.200000 0.00012500 640
3.200000 0.00012500 640
3.200000 0.00012500 640
3.200000 0.00012500 640
3.200000 0.00012500 640
3.200000 0.00012500 640
3.200000 0.00012500 640
3.200000 0.00012500 640
3.200000 0.00012500 640
3.200000 0.00012500 640
3.200000 0.00012500 640
3.200000 0.00012500 640
3.200000 0.00012500 640
3.200000 0.00012500 640
