0.0000000000	0.0000000000	-1.0000000000	-912.7069483998
0.0100000000	-0.0000000000	-1.0000000000	-914.4283776813
0.0200000000	0.0000000000	-1.0000000000	-916.1552161480
0.0300000000	0.0000000000	-1.0000000000	-918.7471351849
0.0400000000	-0.0000000000	-1.0000000000	-920.7725813772
0.0500000000	-0.0000000000	-1.0000000000	-922.6595183524
0.0600000000	0.0000000000	-1.0000000000	-924.4933968396
0.0700000000	-0.0000000000	-1.0000000000	-926.3021945670
0.0800000000	-0.0000000000	-1.0000000000	-928.0973695676
0.0900000000	0.0000000000	-1.0000000000	-929.8541343755
0.1000000000	-0.0000000000	-1.0000000000	-931.6430709198
0.1100000000	-0.0000000000	-1.0000000000	-933.4259969930
0.1200000000	-0.0000000000	-1.0000000000	-935.2058163700
0.1300000000	0.0000000000	-1.0000000000	-936.9683700493
0.1400000000	0.0000000000	-1.0000000000	-938.7459046985
0.1500000000	-0.0000000000	-1.0000000000	-940.5210069653
0.1600000000	0.0000000000	-1.0000000000	-942.2938966276
0.1700000000	0.0000000000	-1.0000000000	-944.0565048650
0.1800000000	-0.0000000000	-1.0000000000	-945.8278499971
0.1900000000	0.0000000000	-1.0000000000	-947.5974838440
0.2000000000	-0.0000000000	-1.0000000000	-949.3653485935
0.2100000000	0.0000000000	-1.0000000000	-951.1272913827
0.2200000000	0.0000000000	-1.0000000000	-952.8939138682
0.2300000000	0.0000000000	-1.0000000000	-954.6602105042
0.2400000000	-0.0000000000	-1.0000000000	-956.4218749486
0.2500000000	-0.0000000000	-1.0000000000	-958.1883755952
0.2600000000	-0.0000000000	-1.0000000000	-959.9556838584
0.2700000000	0.0000000000	-1.0000000000	-961.7196915158
0.2800000000	-0.0000000000	-1.0000000000	-963.4896774777
0.2900000000	-0.0000000000	-1.0000000000	-965.2613090948
0.3000000000	0.0000000000	-1.0000000000	-967.0330045916
0.3100000000	-0.0000000000	-1.0000000000	-968.8120277830
0.3200000000	0.0000000000	-1.0000000000	-970.5950526638
0.3300000000	-0.0000000000	-1.0000000000	-972.3813142120
0.3400000000	-0.0000000000	-1.0000000000	-974.1772230643
0.3500000000	0.0000000000	-1.0000000000	-975.9792003087
0.3600000000	0.0000000000	-1.0000000000	-977.7933420451
0.3700000000	0.0000000000	-1.0000000000	-979.6177345599
0.3800000000	0.0000000000	-1.0000000000	-981.4536714991
0.3900000000	0.0000000000	-1.0000000000	-983.3051970688
0.4000000000	0.0000000000	-1.0000000000	-985.1722458785
0.4100000000	0.0000000000	-1.0000000000	-987.0587822839
0.4200000000	-0.0000000000	-1.0000000000	-988.9645233729
0.4300000000	-0.0000000000	-1.0000000000	-990.8959636610
0.4400000000	-0.0000000000	-1.0000000000	-992.8509683850
0.4500000000	-0.0000000000	-1.0000000000	-994.8359607083
0.4600000000	0.0000000000	-1.0000000000	-996.8520048188
0.4700000000	-0.0000000000	-1.0000000000	-998.9031060498
0.4800000000	0.0000000000	-1.0000000000	-1000.9916913364
0.4900000000	0.0000000000	-1.0000000000	-1003.1218891504
0.5000000000	0.0000000000	-1.0000000000	-1005.2966989029
0.5100000000	-0.0000000000	-1.0000000000	-1007.5221005572
0.5200000000	-0.0000000000	-1.0000000000	-1009.7991058222
0.5300000000	0.0000000000	-1.0000000000	-1012.1330151245
0.5400000000	-0.0000000000	-1.0000000000	-1014.5291691502
0.5500000000	-0.0000000000	-1.0000000000	-1016.9909987096
0.5600000000	0.0000000000	-1.0000000000	-1019.5247588433
0.5700000000	-0.0000000000	-1.0000000000	-1022.1325676823
0.5800000000	-0.0000000000	-1.0000000000	-1024.8210315205
0.5900000000	0.0000000000	-1.0000000000	-1027.5950442965
0.6000000000	0.0000000000	-1.0000000000	-1030.4589058157
0.6100000000	0.0000000000	-1.0000000000	-1033.4185414649
0.6200000000	-0.0000000000	-1.0000000000	-1036.4785241718
0.6300000000	0.0000000000	-1.0000000000	-1039.6455277814
0.6400000000	-0.0000000000	-1.0000000000	-1042.9225734047
0.6500000000	-0.0000000000	-1.0000000000	-1046.3172709675
0.6600000000	-0.0000000000	-1.0000000000	-1049.8334650812
0.6700000000	0.0000000000	-1.0000000000	-1053.4768504228
0.6800000000	0.0000000000	-1.0000000000	-1057.2532856156
0.6900000000	0.0000000000	-1.0000000000	-1061.1668976034
0.7000000000	-0.0000000000	-1.0000000000	-1065.2249377455
0.7100000000	-0.0000000000	-1.0000000000	-1069.4313321755
0.7200000000	-0.0000000000	-1.0000000000	-1073.7925622464
0.7300000000	0.0000000000	-1.0000000000	-1078.3136258800
0.7400000000	-0.0000000000	-1.0000000000	-1083.0010149362
0.7500000000	-0.0000000000	-1.0000000000	-1087.8601151762
0.7600000000	0.0000000000	-1.0000000000	-1092.8971621984
0.7700000000	0.0000000000	-1.0000000000	-1098.1195788795
0.7800000000	0.0000000000	-1.0000000000	-1103.5334004737
0.7900000000	-0.0000000000	-1.0000000000	-1109.1458267678
0.8000000000	-0.0000000000	-1.0000000000	-1114.9645102836
0.8100000000	0.0000000000	-1.0000000000	-1120.9975922201
0.8200000000	0.0000000000	-1.0000000000	-1127.2537609176
0.8300000000	-0.0000000000	-1.0000000000	-1133.7432207843
0.8400000000	0.0000000000	-1.0000000000	-1140.4751347355
0.8500000000	0.0000000000	-1.0000000000	-1147.4601626497
0.8600000000	-0.0000000000	-1.0000000000	-1154.7106715918
0.8700000000	0.0000000000	-1.0000000000	-1162.2381400843
0.8800000000	-0.0000000000	-1.0000000000	-1170.0569160220
0.8900000000	-0.0000000000	-1.0000000000	-1178.1797594945
0.9000000000	0.0000000000	-1.0000000000	-1186.6235835635
0.9100000000	0.0000000000	-1.0000000000	-1195.4026641737
0.9200000000	0.0000000000	-1.0000000000	-1204.5355435437
0.9300000000	-0.0000000000	-1.0000000000	-1214.0391798489
0.9400000000	0.0000000000	-1.0000000000	-1223.9325747217
0.9500000000	0.0000000000	-1.0000000000	-1234.2359433643
0.9600000000	-0.0000000000	-1.0000000000	-1244.9677571565
0.9700000000	0.0000000000	-1.0000000000	-1256.1499069291
0.9800000000	-0.0000000000	-1.0000000000	-1267.8027217122
0.9900000000	-0.0000000000	-1.0000000000	-1279.9462751373
1.0000000000	-0.0000000000	-1.0000000000	-1292.6010445780
1.0100000000	-0.0000000000	-1.0000000000	-1305.7863929652
1.0200000000	0.0000000000	-1.0000000000	-1319.5225553739
1.0300000000	0.0000000000	-1.0000000000	-1333.8244210522
1.0400000000	0.0000000000	-1.0000000000	-1348.7098205729
1.0500000000	0.0000000000	-1.0000000000	-1364.1937798138
1.0600000000	0.0000000000	-1.0000000000	-1380.2862721197
1.0700000000	-0.0000000000	-1.0000000000	-1396.9971099956
1.0800000000	0.0000000000	-1.0000000000	-1414.3340424704
1.0900000000	-0.0000000000	-1.0000000000	-1432.3005793266
1.1000000000	-0.0000000000	-1.0000000000	-1450.8999868608
1.1100000000	0.0000000000	-1.0000000000	-1470.1268342661
1.1200000000	0.0000000000	-1.0000000000	-1489.9798608328
1.1300000000	0.0000000000	-1.0000000000	-1510.4470794246
1.1400000000	0.0000000000	-1.0000000000	-1531.5211456710
1.1500000000	-0.0000000000	-1.0000000000	-1553.1843576185
1.1600000000	0.0000000000	-1.0000000000	-1575.4205933284
1.1700000000	0.0000000000	-1.0000000000	-1598.2077088872
1.1800000000	-0.0000000000	-1.0000000000	-1621.5240613936
1.1900000000	0.0000000000	-1.0000000000	-1645.3380712254
1.2000000000	0.0000000000	-1.0000000000	-1669.6245410206
1.2100000000	-0.0000000000	-1.0000000000	-1694.3446848529
1.2200000000	-0.0000000000	-1.0000000000	-1719.4675818806
1.2300000000	0.0000000000	-1.0000000000	-1744.9478613379
1.2400000000	0.0000000000	-1.0000000000	-1770.7490544075
1.2500000000	0.0000000000	-1.0000000000	-1796.8203492125
1.2600000000	-0.0000000000	-1.0000000000	-1823.1193758820
1.2700000000	-0.0000000000	-1.0000000000	-1849.5929362946
1.2800000000	0.0000000000	-1.0000000000	-1876.1821937985
1.2900000000	0.0000000000	-1.0000000000	-1902.8385081380
1.3000000000	0.0000000000	-1.0000000000	-1929.5005360663
1.3100000000	-0.0000000000	-1.0000000000	-1956.1009396130
1.3200000000	0.0000000000	-1.0000000000	-1982.5856547215
1.3300000000	0.0000000000	-1.0000000000	-2008.8852291365
1.3400000000	0.0000000000	-1.0000000000	-2034.9266323581
1.3500000000	0.0000000000	-1.0000000000	-2060.6510394341
1.3600000000	0.0000000000	-1.0000000000	-2085.9853779008
1.3700000000	-0.0000000000	-1.0000000000	-2110.8506218550
1.3800000000	0.0000000000	-1.0000000000	-2135.1866779428
1.3900000000	0.0000000000	-1.0000000000	-2158.9192318774
1.4000000000	-0.0000000000	-1.0000000000	-2181.9642240188
1.4100000000	0.0000000000	-1.0000000000	-2204.2669969637
1.4200000000	0.0000000000	-1.0000000000	-2225.7516618248
1.4300000000	-0.0000000000	-1.0000000000	-2246.3496304080
1.4400000000	0.0000000000	-1.0000000000	-2265.9750487094
1.4500000000	0.0000000000	-1.0000000000	-2284.5882090041
1.4600000000	0.0000000000	-1.0000000000	-2302.1165341729
1.4700000000	-0.0000000000	-1.0000000000	-2318.4752496571
1.4800000000	-0.0000000000	-1.0000000000	-2333.6445902189
1.4900000000	-0.0000000000	-1.0000000000	-2347.5581262123
1.5000000000	-0.0000000000	-1.0000000000	-2360.1686700713
1.5100000000	0.0000000000	-1.0000000000	-2371.3830055099
1.5200000000	0.0000000000	-1.0000000000	-2381.2315522951
1.5300000000	0.0000000000	-1.0000000000	-2389.6619851265
1.5400000000	-0.0000000000	-1.0000000000	-2396.6566907819
1.5500000000	0.0000000000	-1.0000000000	-2402.0741675718
1.5600000000	0.0000000000	-1.0000000000	-2406.0875594731
1.5700000000	-0.0000000000	-1.0000000000	-2408.6859180531
1.5800000000	0.0000000000	-1.0000000000	-2410.0262595862
1.5900000000	-0.0000000000	-1.0000000000	-2409.5110434066
1.6000000000	0.0000000000	-1.0000000000	-2408.6887218277
1.6100000000	-0.0000000000	-1.0000000000	-2405.5634073804
1.6200000000	-0.0000000000	-1.0000000000	-2400.8396629421
1.6300000000	-0.0000000000	-1.0000000000	-2393.1615529653
1.6400000000	-0.0000000000	-1.0000000000	-2384.2594148438
1.6500000000	-0.0000000000	-1.0000000000	-2373.8822366696
1.6600000000	-0.0000000000	-1.0000000000	-2362.0163277600
1.6700000000	-0.0000000000	-1.0000000000	-2348.6861494482
1.6800000000	-0.0000000000	-1.0000000000	-2333.9296952653
1.6900000000	-0.0000000000	-1.0000000000	-2317.8431764449
1.7000000000	-0.0000000000	-1.0000000000	-2300.3834227598
1.7100000000	0.0000000000	-1.0000000000	-2281.6460261963
1.7200000000	-0.0000000000	-1.0000000000	-2261.6884802405
1.7300000000	-0.0000000000	-1.0000000000	-2240.5975869593
1.7400000000	-0.0000000000	-1.0000000000	-2218.3935319777
1.7500000000	-0.0000000000	-1.0000000000	-2195.1618921318
1.7600000000	-0.0000000001	-1.0000000000	-2170.9723787847
1.7700000000	-0.0000000004	-1.0000000000	-2145.9107397776
1.7800000000	0.0000000042	-1.0000000000	-2120.0229562566
1.7900000000	0.0000000732	-1.0000000000	-2093.3933763677
1.8000000000	0.0000005531	-1.0000000000	-2066.0968010830
1.8100000000	0.0000027758	-1.0000000000	-2038.2160792991
1.8200000000	0.0000099585	-1.0000000000	-2009.8103713975
1.8300000000	0.0000255980	-1.0000000000	-1980.9593190962
1.8400000000	0.0000429745	-1.0000000000	-1951.7438920333
1.8500000000	0.0000210935	-1.0000000000	-1922.2235002261
1.8600000000	-0.0001468070	-1.0000000000	-1892.4734744150
1.8700000000	-0.0006421147	-1.0000000000	-1862.5703806964
1.8800000000	-0.0016501509	-1.0000000000	-1832.5699954799
1.8900000000	-0.0031893512	-1.0000000000	-1802.5424990746
1.9000000000	-0.0048751236	-1.0000000000	-1772.5553342851
1.9100000000	-0.0057098662	-1.0000000000	-1742.6598922432
1.9200000000	-0.0040404463	-1.0000000000	-1712.9181016921
1.9300000000	0.0022485852	-1.0000000000	-1683.3884385022
1.9400000000	0.0153345054	-1.0000000000	-1654.1154829476
1.9500000000	0.0369750625	-1.0000000000	-1625.1541827408
1.9600000000	0.0680690013	-1.0000000000	-1596.5436407562
1.9700000000	0.1084519438	-1.0000000000	-1568.3297659172
1.9800000000	0.1569133091	-1.0000000000	-1540.5533533382
1.9900000000	0.2114202311	-1.0000000000	-1513.2467599537
2.0000000000	0.2694873713	-1.0000000000	-1486.4458063213
2.0100000000	0.3285725948	-1.0000000000	-1460.1769534209
2.0200000000	0.3864138357	-1.0000000000	-1434.4702506042
2.0300000000	0.4412370157	-1.0000000000	-1409.3436944696
2.0400000000	0.4918249840	-1.0000000000	-1384.8231385861
2.0500000000	0.5375008322	-1.0000000000	-1360.9215373659
2.0600000000	0.5780372445	-1.0000000000	-1337.6559289958
2.0700000000	0.6135510505	-1.0000000000	-1315.0364688690
2.0800000000	0.6443820454	-1.0000000000	-1293.0739905506
2.0900000000	0.6709984810	-1.0000000000	-1271.7739378495
2.1000000000	0.6939126020	-1.0000000000	-1251.1420591348
2.1100000000	0.7136333102	-1.0000000000	-1231.1776441961
2.1200000000	0.7306310063	-1.0000000000	-1211.8843632955
2.1300000000	0.7453252137	-1.0000000000	-1193.2593745078
2.1400000000	0.7580789578	-1.0000000000	-1175.2975900750
2.1500000000	0.7691985421	-1.0000000000	-1157.9952446244
2.1600000000	0.7789411557	-1.0000000000	-1141.3433991669
2.1700000000	0.7875168135	-1.0000000000	-1125.3369857938
2.1800000000	0.7950975436	-1.0000000000	-1109.9648994395
2.1900000000	0.8018263030	-1.0000000000	-1095.2163114889
2.2000000000	0.8078226956	-1.0000000000	-1081.0808443208
2.2100000000	0.8131874382	-1.0000000000	-1067.5452748286
2.2200000000	0.8180028121	-1.0000000000	-1054.5970571823
2.2300000000	0.8223370092	-1.0000000000	-1042.2206203464
2.2400000000	0.8262484876	-1.0000000000	-1030.4041585793
2.2500000000	0.8297870595	-1.0000000000	-1019.1305288835
2.2600000000	0.8329940445	-1.0000000000	-1008.3859981177
2.2700000000	0.8359054951	-1.0000000000	-998.1545523462
2.2800000000	0.8385541323	-1.0000000000	-988.4202865427
2.2900000000	0.8409683848	-1.0000000000	-979.1687032084
2.3000000000	0.8431717482	-1.0000000000	-970.3821658901
2.3100000000	0.8451849766	-1.0000000000	-962.0464286026
2.3200000000	0.8470273456	-1.0000000000	-954.1448615709
2.3300000000	0.8487157905	-1.0000000000	-946.6623510339
2.3400000000	0.8502645417	-1.0000000000	-939.5829969771
2.3500000000	0.8516859070	-1.0000000000	-932.8922042787
2.3600000000	0.8529908723	-1.0000000000	-926.5750131461
2.3700000000	0.8541900714	-1.0000000000	-920.6158361659
2.3800000000	0.8552937148	-1.0000000000	-915.0011255123
2.3900000000	0.8563106273	-1.0000000000	-909.7168918704
2.4000000000	0.8572481116	-1.0000000000	-904.7494923743
2.4100000000	0.8581125205	-1.0000000000	-900.0856707959
2.4200000000	0.8589097326	-1.0000000000	-895.7125718619
2.4300000000	0.8596452847	-1.0000000000	-891.6168638887
2.4400000000	0.8603243256	-1.0000000000	-887.7873514308
2.4500000000	0.8609515655	-1.0000000000	-884.2124649346
2.4600000000	0.8615312810	-1.0000000000	-880.8801545066
2.4700000000	0.8620673448	-1.0000000000	-877.7805136250
2.4800000000	0.8625632606	-1.0000000000	-874.9022440437
2.4900000000	0.8630222218	-1.0000000000	-872.2365835675
2.5000000000	0.8634471573	-1.0000000000	-869.7721702397
2.5100000000	0.8638408073	-1.0000000000	-867.5016181560
2.5200000000	0.8642055441	-1.0000000000	-865.4145746306
2.5300000000	0.8645433945	-1.0000000000	-863.5035825246
2.5400000000	0.8648563138	-1.0000000000	-861.7604986362
2.5500000000	0.8651462830	-1.0000000000	-860.1766643830
2.5600000000	0.8654152042	-1.0000000000	-858.7463149995
2.5700000000	0.8656648343	-1.0000000000	-857.4609773173
2.5800000000	0.8658966503	-1.0000000000	-856.3146128581
2.5900000000	0.8661118650	-1.0000000000	-855.3010814334
2.6000000000	0.8663116244	-1.0000000000	-854.4141481742
2.6100000000	0.8664971208	-1.0000000000	-853.6483244870
2.6200000000	0.8666694674	-1.0000000000	-852.9970159713
2.6300000000	0.8668296101	-1.0000000000	-852.4572098517
2.6400000000	0.8669784116	-1.0000000000	-852.0220290788
2.6500000000	0.8671167368	-1.0000000000	-851.6863918673
2.6600000000	0.8672453949	-1.0000000000	-851.4474223088
2.6700000000	0.8673650758	-1.0000000000	-851.3005877518
2.6800000000	0.8674764141	-1.0000000000	-851.2414597220
2.6900000000	0.8675800126	-1.0000000000	-851.2663346951
2.7000000000	0.8676764131	-1.0000000000	-851.3702947373
2.7100000000	0.8677661300	-1.0000000000	-851.5528176454
2.7200000000	0.8678496530	-1.0000000000	-851.8075187519
2.7300000000	0.8679274319	-1.0000000000	-852.1343865106
2.7400000000	0.8679998708	-1.0000000000	-852.5271495721
2.7500000000	0.8680673379	-1.0000000000	-852.9854783784
2.7600000000	0.8681301742	-1.0000000000	-853.5057169220
2.7700000000	0.8681886998	-1.0000000000	-854.0855830718
2.7800000000	0.8682432162	-1.0000000000	-854.7213229949
2.7900000000	0.8682940224	-1.0000000000	-855.4137734744
2.8000000000	0.8683413595	-1.0000000000	-856.1566362402
2.8100000000	0.8683853287	-1.0000000000	-856.9520487638
2.8200000000	0.8684260576	-1.0000000000	-857.7936283740
2.8300000000	0.8684638716	-1.0000000000	-858.6840547579
2.8400000000	0.8684992440	-1.0000000000	-859.6167706591
2.8500000000	0.8685326408	-1.0000000000	-860.5941561299
2.8600000000	0.8685644142	-1.0000000000	-861.6102358099
2.8700000000	0.8685947803	-1.0000000000	-862.6657105158
2.8800000000	0.8686238471	-1.0000000000	-863.7620439385
2.8900000000	0.8686516573	-1.0000000000	-864.8917265151
2.9000000000	0.8686782235	-1.0000000000	-866.0560328301
2.9100000000	0.8687035496	-1.0000000000	-867.2572186984
2.9200000000	0.8687276400	-1.0000000000	-868.4868005220
2.9300000000	0.8687505047	-1.0000000000	-869.7475863636
2.9400000000	0.8687721615	-1.0000000000	-871.0411382928
2.9500000000	0.8687926353	-1.0000000000	-872.3592065896
2.9600000000	0.8688119554	-1.0000000000	-873.7038129198
2.9700000000	0.8688301544	-1.0000000000	-875.0784901428
2.9800000000	0.8688472676	-1.0000000000	-876.4739330800
2.9900000000	0.8688633311	-1.0000000000	-877.8915690757
3.0000000000	0.8688783807	-1.0000000000	-879.3381204343
3.0100000000	0.8688924530	-1.0000000000	-880.7999379413
3.0200000000	0.8689055834	-1.0000000000	-882.2813625885
3.0300000000	0.8689178065	-1.0000000000	-883.7809078698
3.0400000000	0.8689291553	-1.0000000000	-885.3083667347
3.0500000000	0.8689396630	-1.0000000000	-886.8431599457
3.0600000000	0.8689493618	-1.0000000000	-888.3934308273
3.0700000000	0.8689582823	-1.0000000000	-889.9718590045
3.0800000000	0.8689664566	-1.0000000000	-891.5495366846
3.0900000000	0.8689739159	-1.0000000000	-893.1386251042
3.1000000000	0.8689806917	-1.0000000000	-894.7361187326
3.1100000000	0.8689868138	-1.0000000000	-896.3698634488
3.1200000000	0.8689922434	-1.0000000000	-897.9852329851
3.1300000000	0.8689965696	-1.0000000000	-899.6011968913
3.1400000000	0.8689999090	-1.0000000000	-901.2106064537
3.1500000000	0.8690024112	-1.0000000000	-902.8864886461
3.1600000000	0.8690042158	-1.0000000000	-904.4855839145
3.1700000000	0.8690054289	-1.0000000000	-906.0356864289
3.1800000000	0.8690061545	-1.0000000000	-907.4490194743
3.1900000000	0.8690064336	-1.0000000000	-909.1548023510
