3.200000 0.00075000 640
3.200000 0.00075000 640
3.200000 0.00075000 640
3.200000 0.00075000 640
3.200000 0.00075000 640
3.200000 0.00075000 640
3.200000 0.00075000 640
3.200000 0.00075000 640
3.200000 0.00075000 640
3.200000 0.00075000 640
3.200000 0.00075000 640
3.200000 0.00075000 640
3.200000 0.00075000 640
3.200000 0.00075000 640
3.200000 0.00075000 640
3.200000 0.00075000 640
3.200000 0.00075000 640
3.200000 0.00075000 640
3.200000 0.00075000 640
3.200000 0.00075000 640
3.200000 0.00075000 640
3.200000 0.00075000 640
3.200000 0.00075000 640
3.200000 0.00075000 640
3.200000 0.00075000 640
3.200000 0.00075000 640
3.200000 0.00075000 640
3.200000 0.00075000 640
3.200000 0.00075000 640
3.200000 0.00075000 640
3.200000 0.00075000 640
3.200000 0.00075000 640
3.200000 0.00075000 640
3.200000 0.00075000 640
3.200000 0.00075000 640
3.200000 0.00075000 640
3.200000 0.00075000 640
3.200000 0.00075000 640
3.200000 0.00075000 640
3.200000 0.00075000 640
3.200000 0.00075000 640
3.200000 0.00075000 640
3.200000 0.00075000 640
3.200000 0.00075000 640
3.200000 0.00075000 640
3.200000 0.00075000 640
3.200000 0.00075000 640
3.200000 0.00075000 640
3.200000 0.00075000 640
3.200000 0.00075000 640
