0.00000000
0.00000116
0.00000231
0.00000347
0.00000463
0.00000578
0.00000694
0.00000810
0.00000925
0.00001041
0.00001157
0.00001272
0.00001388
0.00001503
0.00001619
0.00001735
0.00001850
0.00001966
0.00002081
0.00002197
0.00002313
0.00002428
0.00002544
0.00002659
0.00002775
0.00002890
0.00003006
0.00003121
0.00003237
0.00003352
0.00003468
0.00003583
0.00003699
0.00003814
0.00003930
0.00004045
0.00004160
0.00004276
0.00004391
0.00004506
0.00004622
0.00004737
0.00004852
0.00004967
0.00005083
0.00005198
0.00005313
0.00005428
0.00005543
0.00005659
0.00005774
0.00005889
0.00006004
0.00006119
0.00006234
0.00006349
0.00006464
0.00006579
0.00006694
0.00006809
0.00006924
0.00007038
0.00007153
0.00007268
0.00007383
0.00007497
0.00007612
0.00007727
0.00007841
0.00007956
0.00008071
0.00008185
0.00008300
0.00008414
0.00008529
0.00008643
0.00008758
0.00008872
0.00008986
0.00009100
0.00009215
0.00009329
0.00009443
0.00009557
0.00009671
0.00009785
0.00009900
0.00010014
0.00010127
0.00010241
0.00010355
0.00010469
0.00010583
0.00010697
0.00010810
0.00010924
0.00011038
0.00011151
0.00011265
0.00011378
0.00011492
0.00011605
0.00011719
0.00011832
0.00011945
0.00012058
0.00012172
0.00012285
0.00012398
0.00012511
0.00012624
0.00012737
0.00012850
0.00012963
0.00013075
0.00013188
0.00013301
0.00013413
0.00013526
0.00013639
0.00013751
0.00013864
0.00013976
0.00014088
0.00014200
0.00014313
0.00014425
0.00014537
0.00014649
0.00014761
0.00014873
0.00014985
0.00015097
0.00015208
0.00015320
0.00015432
0.00015543
0.00015655
0.00015766
0.00015878
0.00015989
0.00016100
0.00016212
0.00016323
0.00016434
0.00016545
0.00016656
0.00016767
0.00016878
0.00016988
0.00017099
0.00017210
0.00017320
0.00017431
0.00017541
0.00017652
0.00017762
0.00017872
0.00017982
0.00018093
0.00018203
0.00018313
0.00018422
0.00018532
0.00018642
0.00018752
0.00018861
0.00018971
0.00019080
0.00019190
0.00019299
0.00019408
0.00019517
0.00019627
0.00019736
0.00019844
0.00019953
0.00020062
0.00020171
0.00020279
0.00020388
0.00020496
0.00020605
0.00020713
0.00020821
0.00020930
0.00021038
0.00021146
0.00021254
0.00021361
0.00021469
0.00021577
0.00021684
0.00021792
0.00021899
0.00022007
0.00022114
0.00022221
0.00022328
0.00022435
0.00022542
0.00022649
0.00022755
0.00022862
0.00022969
0.00023075
0.00023181
0.00023288
0.00023394
0.00023500
0.00023606
0.00023712
0.00023818
0.00023924
0.00024029
0.00024135
0.00024240
0.00024346
0.00024451
0.00024556
0.00024661
0.00024766
0.00024871
0.00024976
0.00025080
0.00025185
0.00025290
0.00025394
0.00025498
0.00025603
0.00025707
0.00025811
0.00025915
0.00026018
0.00026122
0.00026226
0.00026329
0.00026433
0.00026536
0.00026639
0.00026742
0.00026845
0.00026948
0.00027051
0.00027154
0.00027256
0.00027359
0.00027461
0.00027563
0.00027666
0.00027768
0.00027870
0.00027971
0.00028073
0.00028175
0.00028276
0.00028378
0.00028479
0.00028580
0.00028681
0.00028782
0.00028883
0.00028984
0.00029084
0.00029185
0.00029285
0.00029386
0.00029486
0.00029586
0.00029686
0.00029786
0.00029885
0.00029985
0.00030085
0.00030184
0.00030283
0.00030382
0.00030481
0.00030580
0.00030679
0.00030778
0.00030876
0.00030975
0.00031073
0.00031171
0.00031269
0.00031367
0.00031465
0.00031563
0.00031660
0.00031758
0.00031855
0.00031952
0.00032050
0.00032147
0.00032243
0.00032340
0.00032437
0.00032533
0.00032630
0.00032726
0.00032822
0.00032918
0.00033014
0.00033109
0.00033205
0.00033301
0.00033396
0.00033491
0.00033586
0.00033681
0.00033776
0.00033871
0.00033965
0.00034060
0.00034154
0.00034248
0.00034342
0.00034436
0.00034530
0.00034623
0.00034717
0.00034810
0.00034904
0.00034997
0.00035090
0.00035182
0.00035275
0.00035368
0.00035460
0.00035552
0.00035645
0.00035737
0.00035828
0.00035920
0.00036012
0.00036103
0.00036195
0.00036286
0.00036377
0.00036468
0.00036558
0.00036649
0.00036739
0.00036830
0.00036920
0.00037010
0.00037100
0.00037190
0.00037279
0.00037369
0.00037458
0.00037547
0.00037636
0.00037725
0.00037814
0.00037903
0.00037991
0.00038079
0.00038168
0.00038256
0.00038344
0.00038431
0.00038519
0.00038606
0.00038694
0.00038781
0.00038868
0.00038954
0.00039041
0.00039128
0.00039214
0.00039300
0.00039386
0.00039472
0.00039558
0.00039644
0.00039729
0.00039814
0.00039900
0.00039985
0.00040070
0.00040154
0.00040239
0.00040323
0.00040407
0.00040491
0.00040575
0.00040659
0.00040743
0.00040826
0.00040910
0.00040993
0.00041076
0.00041158
0.00041241
0.00041324
0.00041406
0.00041488
0.00041570
0.00041652
0.00041734
0.00041815
0.00041897
0.00041978
0.00042059
0.00042140
0.00042221
0.00042301
0.00042382
0.00042462
0.00042542
0.00042622
0.00042702
0.00042781
0.00042861
0.00042940
0.00043019
0.00043098
0.00043177
0.00043255
0.00043334
0.00043412
0.00043490
0.00043568
0.00043646
0.00043723
0.00043801
0.00043878
0.00043955
0.00044032
0.00044109
0.00044185
0.00044262
0.00044338
0.00044414
0.00044490
0.00044565
0.00044641
0.00044716
0.00044792
0.00044867
0.00044941
0.00045016
0.00045091
0.00045165
0.00045239
0.00045313
0.00045387
0.00045461
0.00045534
0.00045607
0.00045680
0.00045753
0.00045826
0.00045899
0.00045971
0.00046043
0.00046115
0.00046187
0.00046259
0.00046331
0.00046402
0.00046473
0.00046544
0.00046615
0.00046685
0.00046756
0.00046826
0.00046896
0.00046966
0.00047036
0.00047105
0.00047175
0.00047244
0.00047313
0.00047382
0.00047450
0.00047519
0.00047587
0.00047655
0.00047723
0.00047791
0.00047858
0.00047925
0.00047993
0.00048060
0.00048126
0.00048193
0.00048259
0.00048326
0.00048392
0.00048458
0.00048523
0.00048589
0.00048654
0.00048719
0.00048784
0.00048849
0.00048913
0.00048978
0.00049042
0.00049106
0.00049170
0.00049233
0.00049297
0.00049360
0.00049423
0.00049486
0.00049548
0.00049611
0.00049673
0.00049735
0.00049797
0.00049859
0.00049920
0.00049981
0.00050042
0.00050103
0.00050164
0.00050225
0.00050285
0.00050345
0.00050405
0.00050465
0.00050524
0.00050584
0.00050643
0.00050702
0.00050761
0.00050819
0.00050878
0.00050936
0.00050994
0.00051052
0.00051109
0.00051167
0.00051224
0.00051281
0.00051338
0.00051394
0.00051451
0.00051507
0.00051563
0.00051619
0.00051674
0.00051730
0.00051785
0.00051840
0.00051895
0.00051949
0.00052004
0.00052058
0.00052112
0.00052166
0.00052220
0.00052273
0.00052326
0.00052379
0.00052432
0.00052485
0.00052537
0.00052589
0.00052641
0.00052693
0.00052745
0.00052796
0.00052847
0.00052898
0.00052949
0.00053000
0.00053050
0.00053100
0.00053150
0.00053200
0.00053249
0.00053299
0.00053348
0.00053397
0.00053446
0.00053494
0.00053542
0.00053590
0.00053638
0.00053686
0.00053734
0.00053781
0.00053828
0.00053875
0.00053921
0.00053968
0.00054014
0.00054060
0.00054106
0.00054152
0.00054197
0.00054242
0.00054287
0.00054332
0.00054377
0.00054421
0.00054465
0.00054509
0.00054553
0.00054596
0.00054640
0.00054683
0.00054726
0.00054768
0.00054811
0.00054853
0.00054895
0.00054937
0.00054979
0.00055020
0.00055061
0.00055102
0.00055143
0.00055184
0.00055224
0.00055264
0.00055304
0.00055344
0.00055383
0.00055422
0.00055462
0.00055500
0.00055539
0.00055577
0.00055616
0.00055654
0.00055691
0.00055729
0.00055766
0.00055804
0.00055840
0.00055877
0.00055914
0.00055950
0.00055986
0.00056022
0.00056057
0.00056093
0.00056128
0.00056163
0.00056198
0.00056232
0.00056267
0.00056301
0.00056335
0.00056368
0.00056402
0.00056435
0.00056468
0.00056501
0.00056534
0.00056566
0.00056598
0.00056630
0.00056662
0.00056693
0.00056725
0.00056756
0.00056786
0.00056817
0.00056848
0.00056878
0.00056908
0.00056937
0.00056967
0.00056996
0.00057025
0.00057054
0.00057083
0.00057111
0.00057140
0.00057168
0.00057195
0.00057223
0.00057250
0.00057277
0.00057304
0.00057331
0.00057357
0.00057384
0.00057410
0.00057435
0.00057461
0.00057486
0.00057511
0.00057536
0.00057561
0.00057585
0.00057610
0.00057634
0.00057657
0.00057681
0.00057704
0.00057727
0.00057750
0.00057773
0.00057795
0.00057818
0.00057840
0.00057861
0.00057883
0.00057904
0.00057926
0.00057946
0.00057967
0.00057988
0.00058008
0.00058028
0.00058048
0.00058067
0.00058086
0.00058105
0.00058124
0.00058143
0.00058161
0.00058180
0.00058198
0.00058215
0.00058233
0.00058250
0.00058267
0.00058284
0.00058301
0.00058317
0.00058333
0.00058349
0.00058365
0.00058381
0.00058396
0.00058411
0.00058426
0.00058440
0.00058455
0.00058469
0.00058483
0.00058497
0.00058510
0.00058523
0.00058536
0.00058549
0.00058562
0.00058574
0.00058586
0.00058598
0.00058610
0.00058621
0.00058632
0.00058643
0.00058654
0.00058665
0.00058675
0.00058685
0.00058695
0.00058705
0.00058714
0.00058723
0.00058732
0.00058741
0.00058749
0.00058758
0.00058766
0.00058774
0.00058781
0.00058789
0.00058796
0.00058803
0.00058809
0.00058816
0.00058822
0.00058828
0.00058834
0.00058839
0.00058845
0.00058850
0.00058855
0.00058859
0.00058864
0.00058868
0.00058872
0.00058876
0.00058879
0.00058883
0.00058886
0.00058889
0.00058891
0.00058894
0.00058896
0.00058898
0.00058899
0.00058901
0.00058902
0.00058903
0.00058904
0.00058904
0.00058905
0.00058905
0.00058905
0.00058904
0.00058904
0.00058903
0.00058902
0.00058901
0.00058899
0.00058898
0.00058896
0.00058894
0.00058891
0.00058889
0.00058886
0.00058883
0.00058879
0.00058876
0.00058872
0.00058868
0.00058864
0.00058859
0.00058855
0.00058850
0.00058845
0.00058839
0.00058834
0.00058828
0.00058822
0.00058816
0.00058809
0.00058803
0.00058796
0.00058789
0.00058781
0.00058774
0.00058766
0.00058758
0.00058749
0.00058741
0.00058732
0.00058723
0.00058714
0.00058705
0.00058695
0.00058685
0.00058675
0.00058665
0.00058654
0.00058643
0.00058632
0.00058621
0.00058610
0.00058598
0.00058586
0.00058574
0.00058562
0.00058549
0.00058536
0.00058523
0.00058510
0.00058497
0.00058483
0.00058469
0.00058455
0.00058440
0.00058426
0.00058411
0.00058396
0.00058381
0.00058365
0.00058349
0.00058333
0.00058317
0.00058301
0.00058284
0.00058267
0.00058250
0.00058233
0.00058215
0.00058198
0.00058180
0.00058161
0.00058143
0.00058124
0.00058105
0.00058086
0.00058067
0.00058048
0.00058028
0.00058008
0.00057988
0.00057967
0.00057946
0.00057926
0.00057904
0.00057883
0.00057861
0.00057840
0.00057818
0.00057795
0.00057773
0.00057750
0.00057727
0.00057704
0.00057681
0.00057657
0.00057634
0.00057610
0.00057585
0.00057561
0.00057536
0.00057511
0.00057486
0.00057461
0.00057435
0.00057410
0.00057384
0.00057357
0.00057331
0.00057304
0.00057277
0.00057250
0.00057223
0.00057195
0.00057168
0.00057140
0.00057111
0.00057083
0.00057054
0.00057025
0.00056996
0.00056967
0.00056937
0.00056908
0.00056878
0.00056848
0.00056817
0.00056786
0.00056756
0.00056725
0.00056693
0.00056662
0.00056630
0.00056598
0.00056566
0.00056534
0.00056501
0.00056468
0.00056435
0.00056402
0.00056368
0.00056335
0.00056301
0.00056267
0.00056232
0.00056198
0.00056163
0.00056128
0.00056093
0.00056057
0.00056022
0.00055986
0.00055950
0.00055914
0.00055877
0.00055840
0.00055804
0.00055766
0.00055729
0.00055691
0.00055654
0.00055616
0.00055577
0.00055539
0.00055500
0.00055462
0.00055422
0.00055383
0.00055344
0.00055304
0.00055264
0.00055224
0.00055184
0.00055143
0.00055102
0.00055061
0.00055020
0.00054979
0.00054937
0.00054895
0.00054853
0.00054811
0.00054768
0.00054726
0.00054683
0.00054640
0.00054596
0.00054553
0.00054509
0.00054465
0.00054421
0.00054377
0.00054332
0.00054287
0.00054242
0.00054197
0.00054152
0.00054106
0.00054060
0.00054014
0.00053968
0.00053921
0.00053875
0.00053828
0.00053781
0.00053734
0.00053686
0.00053638
0.00053590
0.00053542
0.00053494
0.00053446
0.00053397
0.00053348
0.00053299
0.00053249
0.00053200
0.00053150
0.00053100
0.00053050
0.00053000
0.00052949
0.00052898
0.00052847
0.00052796
0.00052745
0.00052693
0.00052641
0.00052589
0.00052537
0.00052485
0.00052432
0.00052379
0.00052326
0.00052273
0.00052220
0.00052166
0.00052112
0.00052058
0.00052004
0.00051949
0.00051895
0.00051840
0.00051785
0.00051730
0.00051674
0.00051619
0.00051563
0.00051507
0.00051451
0.00051394
0.00051338
0.00051281
0.00051224
0.00051167
0.00051109
0.00051052
0.00050994
0.00050936
0.00050878
0.00050819
0.00050761
0.00050702
0.00050643
0.00050584
0.00050524
0.00050465
0.00050405
0.00050345
0.00050285
0.00050225
0.00050164
0.00050103
0.00050042
0.00049981
0.00049920
0.00049859
0.00049797
0.00049735
0.00049673
0.00049611
0.00049548
0.00049486
0.00049423
0.00049360
0.00049297
0.00049233
0.00049170
0.00049106
0.00049042
0.00048978
0.00048913
0.00048849
0.00048784
0.00048719
0.00048654
0.00048589
0.00048523
0.00048458
0.00048392
0.00048326
0.00048259
0.00048193
0.00048126
0.00048060
0.00047993
0.00047925
0.00047858
0.00047791
0.00047723
0.00047655
0.00047587
0.00047519
0.00047450
0.00047382
0.00047313
0.00047244
0.00047175
0.00047105
0.00047036
0.00046966
0.00046896
0.00046826
0.00046756
0.00046685
0.00046615
0.00046544
0.00046473
0.00046402
0.00046331
0.00046259
0.00046187
0.00046115
0.00046043
0.00045971
0.00045899
0.00045826
0.00045753
0.00045680
0.00045607
0.00045534
0.00045461
0.00045387
0.00045313
0.00045239
0.00045165
0.00045091
0.00045016
0.00044941
0.00044867
0.00044792
0.00044716
0.00044641
0.00044565
0.00044490
0.00044414
0.00044338
0.00044262
0.00044185
0.00044109
0.00044032
0.00043955
0.00043878
0.00043801
0.00043723
0.00043646
0.00043568
0.00043490
0.00043412
0.00043334
0.00043255
0.00043177
0.00043098
0.00043019
0.00042940
0.00042861
0.00042781
0.00042702
0.00042622
0.00042542
0.00042462
0.00042382
0.00042301
0.00042221
0.00042140
0.00042059
0.00041978
0.00041897
0.00041815
0.00041734
0.00041652
0.00041570
0.00041488
0.00041406
0.00041324
0.00041241
0.00041158
0.00041076
0.00040993
0.00040910
0.00040826
0.00040743
0.00040659
0.00040575
0.00040491
0.00040407
0.00040323
0.00040239
0.00040154
0.00040070
0.00039985
0.00039900
0.00039814
0.00039729
0.00039644
0.00039558
0.00039472
0.00039386
0.00039300
0.00039214
0.00039128
0.00039041
0.00038954
0.00038868
0.00038781
0.00038694
0.00038606
0.00038519
0.00038431
0.00038344
0.00038256
0.00038168
0.00038079
0.00037991
0.00037903
0.00037814
0.00037725
0.00037636
0.00037547
0.00037458
0.00037369
0.00037279
0.00037190
0.00037100
0.00037010
0.00036920
0.00036830
0.00036739
0.00036649
0.00036558
0.00036468
0.00036377
0.00036286
0.00036195
0.00036103
0.00036012
0.00035920
0.00035828
0.00035737
0.00035645
0.00035552
0.00035460
0.00035368
0.00035275
0.00035182
0.00035090
0.00034997
0.00034904
0.00034810
0.00034717
0.00034623
0.00034530
0.00034436
0.00034342
0.00034248
0.00034154
0.00034060
0.00033965
0.00033871
0.00033776
0.00033681
0.00033586
0.00033491
0.00033396
0.00033301
0.00033205
0.00033109
0.00033014
0.00032918
0.00032822
0.00032726
0.00032630
0.00032533
0.00032437
0.00032340
0.00032243
0.00032147
0.00032050
0.00031952
0.00031855
0.00031758
0.00031660
0.00031563
0.00031465
0.00031367
0.00031269
0.00031171
0.00031073
0.00030975
0.00030876
0.00030778
0.00030679
0.00030580
0.00030481
0.00030382
0.00030283
0.00030184
0.00030085
0.00029985
0.00029885
0.00029786
0.00029686
0.00029586
0.00029486
0.00029386
0.00029285
0.00029185
0.00029084
0.00028984
0.00028883
0.00028782
0.00028681
0.00028580
0.00028479
0.00028378
0.00028276
0.00028175
0.00028073
0.00027971
0.00027870
0.00027768
0.00027666
0.00027563
0.00027461
0.00027359
0.00027256
0.00027154
0.00027051
0.00026948
0.00026845
0.00026742
0.00026639
0.00026536
0.00026433
0.00026329
0.00026226
0.00026122
0.00026018
0.00025915
0.00025811
0.00025707
0.00025603
0.00025498
0.00025394
0.00025290
0.00025185
0.00025080
0.00024976
0.00024871
0.00024766
0.00024661
0.00024556
0.00024451
0.00024346
0.00024240
0.00024135
0.00024029
0.00023924
0.00023818
0.00023712
0.00023606
0.00023500
0.00023394
0.00023288
0.00023181
0.00023075
0.00022969
0.00022862
0.00022755
0.00022649
0.00022542
0.00022435
0.00022328
0.00022221
0.00022114
0.00022007
0.00021899
0.00021792
0.00021684
0.00021577
0.00021469
0.00021361
0.00021254
0.00021146
0.00021038
0.00020930
0.00020821
0.00020713
0.00020605
0.00020496
0.00020388
0.00020279
0.00020171
0.00020062
0.00019953
0.00019844
0.00019736
0.00019627
0.00019517
0.00019408
0.00019299
0.00019190
0.00019080
0.00018971
0.00018861
0.00018752
0.00018642
0.00018532
0.00018422
0.00018313
0.00018203
0.00018093
0.00017982
0.00017872
0.00017762
0.00017652
0.00017541
0.00017431
0.00017320
0.00017210
0.00017099
0.00016988
0.00016878
0.00016767
0.00016656
0.00016545
0.00016434
0.00016323
0.00016212
0.00016100
0.00015989
0.00015878
0.00015766
0.00015655
0.00015543
0.00015432
0.00015320
0.00015208
0.00015097
0.00014985
0.00014873
0.00014761
0.00014649
0.00014537
0.00014425
0.00014313
0.00014200
0.00014088
0.00013976
0.00013864
0.00013751
0.00013639
0.00013526
0.00013413
0.00013301
0.00013188
0.00013075
0.00012963
0.00012850
0.00012737
0.00012624
0.00012511
0.00012398
0.00012285
0.00012172
0.00012058
0.00011945
0.00011832
0.00011719
0.00011605
0.00011492
0.00011378
0.00011265
0.00011151
0.00011038
0.00010924
0.00010810
0.00010697
0.00010583
0.00010469
0.00010355
0.00010241
0.00010127
0.00010014
0.00009900
0.00009785
0.00009671
0.00009557
0.00009443
0.00009329
0.00009215
0.00009100
0.00008986
0.00008872
0.00008758
0.00008643
0.00008529
0.00008414
0.00008300
0.00008185
0.00008071
0.00007956
0.00007841
0.00007727
0.00007612
0.00007497
0.00007383
0.00007268
0.00007153
0.00007038
0.00006924
0.00006809
0.00006694
0.00006579
0.00006464
0.00006349
0.00006234
0.00006119
0.00006004
0.00005889
0.00005774
0.00005659
0.00005543
0.00005428
0.00005313
0.00005198
0.00005083
0.00004967
0.00004852
0.00004737
0.00004622
0.00004506
0.00004391
0.00004276
0.00004160
0.00004045
0.00003930
0.00003814
0.00003699
0.00003583
0.00003468
0.00003352
0.00003237
0.00003121
0.00003006
0.00002890
0.00002775
0.00002659
0.00002544
0.00002428
0.00002313
0.00002197
0.00002081
0.00001966
0.00001850
0.00001735
0.00001619
0.00001503
0.00001388
0.00001272
0.00001157
0.00001041
0.00000925
0.00000810
0.00000694
0.00000578
0.00000463
0.00000347
0.00000231
0.00000116
0.00000000
-0.00000116
-0.00000231
-0.00000347
-0.00000463
-0.00000578
-0.00000694
-0.00000810
-0.00000925
-0.00001041
-0.00001157
-0.00001272
-0.00001388
-0.00001503
-0.00001619
-0.00001735
-0.00001850
-0.00001966
-0.00002081
-0.00002197
-0.00002313
-0.00002428
-0.00002544
-0.00002659
-0.00002775
-0.00002890
-0.00003006
-0.00003121
-0.00003237
-0.00003352
-0.00003468
-0.00003583
-0.00003699
-0.00003814
-0.00003930
-0.00004045
-0.00004160
-0.00004276
-0.00004391
-0.00004506
-0.00004622
-0.00004737
-0.00004852
-0.00004967
-0.00005083
-0.00005198
-0.00005313
-0.00005428
-0.00005543
-0.00005659
-0.00005774
-0.00005889
-0.00006004
-0.00006119
-0.00006234
-0.00006349
-0.00006464
-0.00006579
-0.00006694
-0.00006809
-0.00006924
-0.00007038
-0.00007153
-0.00007268
-0.00007383
-0.00007497
-0.00007612
-0.00007727
-0.00007841
-0.00007956
-0.00008071
-0.00008185
-0.00008300
-0.00008414
-0.00008529
-0.00008643
-0.00008758
-0.00008872
-0.00008986
-0.00009100
-0.00009215
-0.00009329
-0.00009443
-0.00009557
-0.00009671
-0.00009785
-0.00009900
-0.00010014
-0.00010127
-0.00010241
-0.00010355
-0.00010469
-0.00010583
-0.00010697
-0.00010810
-0.00010924
-0.00011038
-0.00011151
-0.00011265
-0.00011378
-0.00011492
-0.00011605
-0.00011719
-0.00011832
-0.00011945
-0.00012058
-0.00012172
-0.00012285
-0.00012398
-0.00012511
-0.00012624
-0.00012737
-0.00012850
-0.00012963
-0.00013075
-0.00013188
-0.00013301
-0.00013413
-0.00013526
-0.00013639
-0.00013751
-0.00013864
-0.00013976
-0.00014088
-0.00014200
-0.00014313
-0.00014425
-0.00014537
-0.00014649
-0.00014761
-0.00014873
-0.00014985
-0.00015097
-0.00015208
-0.00015320
-0.00015432
-0.00015543
-0.00015655
-0.00015766
-0.00015878
-0.00015989
-0.00016100
-0.00016212
-0.00016323
-0.00016434
-0.00016545
-0.00016656
-0.00016767
-0.00016878
-0.00016988
-0.00017099
-0.00017210
-0.00017320
-0.00017431
-0.00017541
-0.00017652
-0.00017762
-0.00017872
-0.00017982
-0.00018093
-0.00018203
-0.00018313
-0.00018422
-0.00018532
-0.00018642
-0.00018752
-0.00018861
-0.00018971
-0.00019080
-0.00019190
-0.00019299
-0.00019408
-0.00019517
-0.00019627
-0.00019736
-0.00019844
-0.00019953
-0.00020062
-0.00020171
-0.00020279
-0.00020388
-0.00020496
-0.00020605
-0.00020713
-0.00020821
-0.00020930
-0.00021038
-0.00021146
-0.00021254
-0.00021361
-0.00021469
-0.00021577
-0.00021684
-0.00021792
-0.00021899
-0.00022007
-0.00022114
-0.00022221
-0.00022328
-0.00022435
-0.00022542
-0.00022649
-0.00022755
-0.00022862
-0.00022969
-0.00023075
-0.00023181
-0.00023288
-0.00023394
-0.00023500
-0.00023606
-0.00023712
-0.00023818
-0.00023924
-0.00024029
-0.00024135
-0.00024240
-0.00024346
-0.00024451
-0.00024556
-0.00024661
-0.00024766
-0.00024871
-0.00024976
-0.00025080
-0.00025185
-0.00025290
-0.00025394
-0.00025498
-0.00025603
-0.00025707
-0.00025811
-0.00025915
-0.00026018
-0.00026122
-0.00026226
-0.00026329
-0.00026433
-0.00026536
-0.00026639
-0.00026742
-0.00026845
-0.00026948
-0.00027051
-0.00027154
-0.00027256
-0.00027359
-0.00027461
-0.00027563
-0.00027666
-0.00027768
-0.00027870
-0.00027971
-0.00028073
-0.00028175
-0.00028276
-0.00028378
-0.00028479
-0.00028580
-0.00028681
-0.00028782
-0.00028883
-0.00028984
-0.00029084
-0.00029185
-0.00029285
-0.00029386
-0.00029486
-0.00029586
-0.00029686
-0.00029786
-0.00029885
-0.00029985
-0.00030085
-0.00030184
-0.00030283
-0.00030382
-0.00030481
-0.00030580
-0.00030679
-0.00030778
-0.00030876
-0.00030975
-0.00031073
-0.00031171
-0.00031269
-0.00031367
-0.00031465
-0.00031563
-0.00031660
-0.00031758
-0.00031855
-0.00031952
-0.00032050
-0.00032147
-0.00032243
-0.00032340
-0.00032437
-0.00032533
-0.00032630
-0.00032726
-0.00032822
-0.00032918
-0.00033014
-0.00033109
-0.00033205
-0.00033301
-0.00033396
-0.00033491
-0.00033586
-0.00033681
-0.00033776
-0.00033871
-0.00033965
-0.00034060
-0.00034154
-0.00034248
-0.00034342
-0.00034436
-0.00034530
-0.00034623
-0.00034717
-0.00034810
-0.00034904
-0.00034997
-0.00035090
-0.00035182
-0.00035275
-0.00035368
-0.00035460
-0.00035552
-0.00035645
-0.00035737
-0.00035828
-0.00035920
-0.00036012
-0.00036103
-0.00036195
-0.00036286
-0.00036377
-0.00036468
-0.00036558
-0.00036649
-0.00036739
-0.00036830
-0.00036920
-0.00037010
-0.00037100
-0.00037190
-0.00037279
-0.00037369
-0.00037458
-0.00037547
-0.00037636
-0.00037725
-0.00037814
-0.00037903
-0.00037991
-0.00038079
-0.00038168
-0.00038256
-0.00038344
-0.00038431
-0.00038519
-0.00038606
-0.00038694
-0.00038781
-0.00038868
-0.00038954
-0.00039041
-0.00039128
-0.00039214
-0.00039300
-0.00039386
-0.00039472
-0.00039558
-0.00039644
-0.00039729
-0.00039814
-0.00039900
-0.00039985
-0.00040070
-0.00040154
-0.00040239
-0.00040323
-0.00040407
-0.00040491
-0.00040575
-0.00040659
-0.00040743
-0.00040826
-0.00040910
-0.00040993
-0.00041076
-0.00041158
-0.00041241
-0.00041324
-0.00041406
-0.00041488
-0.00041570
-0.00041652
-0.00041734
-0.00041815
-0.00041897
-0.00041978
-0.00042059
-0.00042140
-0.00042221
-0.00042301
-0.00042382
-0.00042462
-0.00042542
-0.00042622
-0.00042702
-0.00042781
-0.00042861
-0.00042940
-0.00043019
-0.00043098
-0.00043177
-0.00043255
-0.00043334
-0.00043412
-0.00043490
-0.00043568
-0.00043646
-0.00043723
-0.00043801
-0.00043878
-0.00043955
-0.00044032
-0.00044109
-0.00044185
-0.00044262
-0.00044338
-0.00044414
-0.00044490
-0.00044565
-0.00044641
-0.00044716
-0.00044792
-0.00044867
-0.00044941
-0.00045016
-0.00045091
-0.00045165
-0.00045239
-0.00045313
-0.00045387
-0.00045461
-0.00045534
-0.00045607
-0.00045680
-0.00045753
-0.00045826
-0.00045899
-0.00045971
-0.00046043
-0.00046115
-0.00046187
-0.00046259
-0.00046331
-0.00046402
-0.00046473
-0.00046544
-0.00046615
-0.00046685
-0.00046756
-0.00046826
-0.00046896
-0.00046966
-0.00047036
-0.00047105
-0.00047175
-0.00047244
-0.00047313
-0.00047382
-0.00047450
-0.00047519
-0.00047587
-0.00047655
-0.00047723
-0.00047791
-0.00047858
-0.00047925
-0.00047993
-0.00048060
-0.00048126
-0.00048193
-0.00048259
-0.00048326
-0.00048392
-0.00048458
-0.00048523
-0.00048589
-0.00048654
-0.00048719
-0.00048784
-0.00048849
-0.00048913
-0.00048978
-0.00049042
-0.00049106
-0.00049170
-0.00049233
-0.00049297
-0.00049360
-0.00049423
-0.00049486
-0.00049548
-0.00049611
-0.00049673
-0.00049735
-0.00049797
-0.00049859
-0.00049920
-0.00049981
-0.00050042
-0.00050103
-0.00050164
-0.00050225
-0.00050285
-0.00050345
-0.00050405
-0.00050465
-0.00050524
-0.00050584
-0.00050643
-0.00050702
-0.00050761
-0.00050819
-0.00050878
-0.00050936
-0.00050994
-0.00051052
-0.00051109
-0.00051167
-0.00051224
-0.00051281
-0.00051338
-0.00051394
-0.00051451
-0.00051507
-0.00051563
-0.00051619
-0.00051674
-0.00051730
-0.00051785
-0.00051840
-0.00051895
-0.00051949
-0.00052004
-0.00052058
-0.00052112
-0.00052166
-0.00052220
-0.00052273
-0.00052326
-0.00052379
-0.00052432
-0.00052485
-0.00052537
-0.00052589
-0.00052641
-0.00052693
-0.00052745
-0.00052796
-0.00052847
-0.00052898
-0.00052949
-0.00053000
-0.00053050
-0.00053100
-0.00053150
-0.00053200
-0.00053249
-0.00053299
-0.00053348
-0.00053397
-0.00053446
-0.00053494
-0.00053542
-0.00053590
-0.00053638
-0.00053686
-0.00053734
-0.00053781
-0.00053828
-0.00053875
-0.00053921
-0.00053968
-0.00054014
-0.00054060
-0.00054106
-0.00054152
-0.00054197
-0.00054242
-0.00054287
-0.00054332
-0.00054377
-0.00054421
-0.00054465
-0.00054509
-0.00054553
-0.00054596
-0.00054640
-0.00054683
-0.00054726
-0.00054768
-0.00054811
-0.00054853
-0.00054895
-0.00054937
-0.00054979
-0.00055020
-0.00055061
-0.00055102
-0.00055143
-0.00055184
-0.00055224
-0.00055264
-0.00055304
-0.00055344
-0.00055383
-0.00055422
-0.00055462
-0.00055500
-0.00055539
-0.00055577
-0.00055616
-0.00055654
-0.00055691
-0.00055729
-0.00055766
-0.00055804
-0.00055840
-0.00055877
-0.00055914
-0.00055950
-0.00055986
-0.00056022
-0.00056057
-0.00056093
-0.00056128
-0.00056163
-0.00056198
-0.00056232
-0.00056267
-0.00056301
-0.00056335
-0.00056368
-0.00056402
-0.00056435
-0.00056468
-0.00056501
-0.00056534
-0.00056566
-0.00056598
-0.00056630
-0.00056662
-0.00056693
-0.00056725
-0.00056756
-0.00056786
-0.00056817
-0.00056848
-0.00056878
-0.00056908
-0.00056937
-0.00056967
-0.00056996
-0.00057025
-0.00057054
-0.00057083
-0.00057111
-0.00057140
-0.00057168
-0.00057195
-0.00057223
-0.00057250
-0.00057277
-0.00057304
-0.00057331
-0.00057357
-0.00057384
-0.00057410
-0.00057435
-0.00057461
-0.00057486
-0.00057511
-0.00057536
-0.00057561
-0.00057585
-0.00057610
-0.00057634
-0.00057657
-0.00057681
-0.00057704
-0.00057727
-0.00057750
-0.00057773
-0.00057795
-0.00057818
-0.00057840
-0.00057861
-0.00057883
-0.00057904
-0.00057926
-0.00057946
-0.00057967
-0.00057988
-0.00058008
-0.00058028
-0.00058048
-0.00058067
-0.00058086
-0.00058105
-0.00058124
-0.00058143
-0.00058161
-0.00058180
-0.00058198
-0.00058215
-0.00058233
-0.00058250
-0.00058267
-0.00058284
-0.00058301
-0.00058317
-0.00058333
-0.00058349
-0.00058365
-0.00058381
-0.00058396
-0.00058411
-0.00058426
-0.00058440
-0.00058455
-0.00058469
-0.00058483
-0.00058497
-0.00058510
-0.00058523
-0.00058536
-0.00058549
-0.00058562
-0.00058574
-0.00058586
-0.00058598
-0.00058610
-0.00058621
-0.00058632
-0.00058643
-0.00058654
-0.00058665
-0.00058675
-0.00058685
-0.00058695
-0.00058705
-0.00058714
-0.00058723
-0.00058732
-0.00058741
-0.00058749
-0.00058758
-0.00058766
-0.00058774
-0.00058781
-0.00058789
-0.00058796
-0.00058803
-0.00058809
-0.00058816
-0.00058822
-0.00058828
-0.00058834
-0.00058839
-0.00058845
-0.00058850
-0.00058855
-0.00058859
-0.00058864
-0.00058868
-0.00058872
-0.00058876
-0.00058879
-0.00058883
-0.00058886
-0.00058889
-0.00058891
-0.00058894
-0.00058896
-0.00058898
-0.00058899
-0.00058901
-0.00058902
-0.00058903
-0.00058904
-0.00058904
-0.00058905
-0.00058905
-0.00058905
-0.00058904
-0.00058904
-0.00058903
-0.00058902
-0.00058901
-0.00058899
-0.00058898
-0.00058896
-0.00058894
-0.00058891
-0.00058889
-0.00058886
-0.00058883
-0.00058879
-0.00058876
-0.00058872
-0.00058868
-0.00058864
-0.00058859
-0.00058855
-0.00058850
-0.00058845
-0.00058839
-0.00058834
-0.00058828
-0.00058822
-0.00058816
-0.00058809
-0.00058803
-0.00058796
-0.00058789
-0.00058781
-0.00058774
-0.00058766
-0.00058758
-0.00058749
-0.00058741
-0.00058732
-0.00058723
-0.00058714
-0.00058705
-0.00058695
-0.00058685
-0.00058675
-0.00058665
-0.00058654
-0.00058643
-0.00058632
-0.00058621
-0.00058610
-0.00058598
-0.00058586
-0.00058574
-0.00058562
-0.00058549
-0.00058536
-0.00058523
-0.00058510
-0.00058497
-0.00058483
-0.00058469
-0.00058455
-0.00058440
-0.00058426
-0.00058411
-0.00058396
-0.00058381
-0.00058365
-0.00058349
-0.00058333
-0.00058317
-0.00058301
-0.00058284
-0.00058267
-0.00058250
-0.00058233
-0.00058215
-0.00058198
-0.00058180
-0.00058161
-0.00058143
-0.00058124
-0.00058105
-0.00058086
-0.00058067
-0.00058048
-0.00058028
-0.00058008
-0.00057988
-0.00057967
-0.00057946
-0.00057926
-0.00057904
-0.00057883
-0.00057861
-0.00057840
-0.00057818
-0.00057795
-0.00057773
-0.00057750
-0.00057727
-0.00057704
-0.00057681
-0.00057657
-0.00057634
-0.00057610
-0.00057585
-0.00057561
-0.00057536
-0.00057511
-0.00057486
-0.00057461
-0.00057435
-0.00057410
-0.00057384
-0.00057357
-0.00057331
-0.00057304
-0.00057277
-0.00057250
-0.00057223
-0.00057195
-0.00057168
-0.00057140
-0.00057111
-0.00057083
-0.00057054
-0.00057025
-0.00056996
-0.00056967
-0.00056937
-0.00056908
-0.00056878
-0.00056848
-0.00056817
-0.00056786
-0.00056756
-0.00056725
-0.00056693
-0.00056662
-0.00056630
-0.00056598
-0.00056566
-0.00056534
-0.00056501
-0.00056468
-0.00056435
-0.00056402
-0.00056368
-0.00056335
-0.00056301
-0.00056267
-0.00056232
-0.00056198
-0.00056163
-0.00056128
-0.00056093
-0.00056057
-0.00056022
-0.00055986
-0.00055950
-0.00055914
-0.00055877
-0.00055840
-0.00055804
-0.00055766
-0.00055729
-0.00055691
-0.00055654
-0.00055616
-0.00055577
-0.00055539
-0.00055500
-0.00055462
-0.00055422
-0.00055383
-0.00055344
-0.00055304
-0.00055264
-0.00055224
-0.00055184
-0.00055143
-0.00055102
-0.00055061
-0.00055020
-0.00054979
-0.00054937
-0.00054895
-0.00054853
-0.00054811
-0.00054768
-0.00054726
-0.00054683
-0.00054640
-0.00054596
-0.00054553
-0.00054509
-0.00054465
-0.00054421
-0.00054377
-0.00054332
-0.00054287
-0.00054242
-0.00054197
-0.00054152
-0.00054106
-0.00054060
-0.00054014
-0.00053968
-0.00053921
-0.00053875
-0.00053828
-0.00053781
-0.00053734
-0.00053686
-0.00053638
-0.00053590
-0.00053542
-0.00053494
-0.00053446
-0.00053397
-0.00053348
-0.00053299
-0.00053249
-0.00053200
-0.00053150
-0.00053100
-0.00053050
-0.00053000
-0.00052949
-0.00052898
-0.00052847
-0.00052796
-0.00052745
-0.00052693
-0.00052641
-0.00052589
-0.00052537
-0.00052485
-0.00052432
-0.00052379
-0.00052326
-0.00052273
-0.00052220
-0.00052166
-0.00052112
-0.00052058
-0.00052004
-0.00051949
-0.00051895
-0.00051840
-0.00051785
-0.00051730
-0.00051674
-0.00051619
-0.00051563
-0.00051507
-0.00051451
-0.00051394
-0.00051338
-0.00051281
-0.00051224
-0.00051167
-0.00051109
-0.00051052
-0.00050994
-0.00050936
-0.00050878
-0.00050819
-0.00050761
-0.00050702
-0.00050643
-0.00050584
-0.00050524
-0.00050465
-0.00050405
-0.00050345
-0.00050285
-0.00050225
-0.00050164
-0.00050103
-0.00050042
-0.00049981
-0.00049920
-0.00049859
-0.00049797
-0.00049735
-0.00049673
-0.00049611
-0.00049548
-0.00049486
-0.00049423
-0.00049360
-0.00049297
-0.00049233
-0.00049170
-0.00049106
-0.00049042
-0.00048978
-0.00048913
-0.00048849
-0.00048784
-0.00048719
-0.00048654
-0.00048589
-0.00048523
-0.00048458
-0.00048392
-0.00048326
-0.00048259
-0.00048193
-0.00048126
-0.00048060
-0.00047993
-0.00047925
-0.00047858
-0.00047791
-0.00047723
-0.00047655
-0.00047587
-0.00047519
-0.00047450
-0.00047382
-0.00047313
-0.00047244
-0.00047175
-0.00047105
-0.00047036
-0.00046966
-0.00046896
-0.00046826
-0.00046756
-0.00046685
-0.00046615
-0.00046544
-0.00046473
-0.00046402
-0.00046331
-0.00046259
-0.00046187
-0.00046115
-0.00046043
-0.00045971
-0.00045899
-0.00045826
-0.00045753
-0.00045680
-0.00045607
-0.00045534
-0.00045461
-0.00045387
-0.00045313
-0.00045239
-0.00045165
-0.00045091
-0.00045016
-0.00044941
-0.00044867
-0.00044792
-0.00044716
-0.00044641
-0.00044565
-0.00044490
-0.00044414
-0.00044338
-0.00044262
-0.00044185
-0.00044109
-0.00044032
-0.00043955
-0.00043878
-0.00043801
-0.00043723
-0.00043646
-0.00043568
-0.00043490
-0.00043412
-0.00043334
-0.00043255
-0.00043177
-0.00043098
-0.00043019
-0.00042940
-0.00042861
-0.00042781
-0.00042702
-0.00042622
-0.00042542
-0.00042462
-0.00042382
-0.00042301
-0.00042221
-0.00042140
-0.00042059
-0.00041978
-0.00041897
-0.00041815
-0.00041734
-0.00041652
-0.00041570
-0.00041488
-0.00041406
-0.00041324
-0.00041241
-0.00041158
-0.00041076
-0.00040993
-0.00040910
-0.00040826
-0.00040743
-0.00040659
-0.00040575
-0.00040491
-0.00040407
-0.00040323
-0.00040239
-0.00040154
-0.00040070
-0.00039985
-0.00039900
-0.00039814
-0.00039729
-0.00039644
-0.00039558
-0.00039472
-0.00039386
-0.00039300
-0.00039214
-0.00039128
-0.00039041
-0.00038954
-0.00038868
-0.00038781
-0.00038694
-0.00038606
-0.00038519
-0.00038431
-0.00038344
-0.00038256
-0.00038168
-0.00038079
-0.00037991
-0.00037903
-0.00037814
-0.00037725
-0.00037636
-0.00037547
-0.00037458
-0.00037369
-0.00037279
-0.00037190
-0.00037100
-0.00037010
-0.00036920
-0.00036830
-0.00036739
-0.00036649
-0.00036558
-0.00036468
-0.00036377
-0.00036286
-0.00036195
-0.00036103
-0.00036012
-0.00035920
-0.00035828
-0.00035737
-0.00035645
-0.00035552
-0.00035460
-0.00035368
-0.00035275
-0.00035182
-0.00035090
-0.00034997
-0.00034904
-0.00034810
-0.00034717
-0.00034623
-0.00034530
-0.00034436
-0.00034342
-0.00034248
-0.00034154
-0.00034060
-0.00033965
-0.00033871
-0.00033776
-0.00033681
-0.00033586
-0.00033491
-0.00033396
-0.00033301
-0.00033205
-0.00033109
-0.00033014
-0.00032918
-0.00032822
-0.00032726
-0.00032630
-0.00032533
-0.00032437
-0.00032340
-0.00032243
-0.00032147
-0.00032050
-0.00031952
-0.00031855
-0.00031758
-0.00031660
-0.00031563
-0.00031465
-0.00031367
-0.00031269
-0.00031171
-0.00031073
-0.00030975
-0.00030876
-0.00030778
-0.00030679
-0.00030580
-0.00030481
-0.00030382
-0.00030283
-0.00030184
-0.00030085
-0.00029985
-0.00029885
-0.00029786
-0.00029686
-0.00029586
-0.00029486
-0.00029386
-0.00029285
-0.00029185
-0.00029084
-0.00028984
-0.00028883
-0.00028782
-0.00028681
-0.00028580
-0.00028479
-0.00028378
-0.00028276
-0.00028175
-0.00028073
-0.00027971
-0.00027870
-0.00027768
-0.00027666
-0.00027563
-0.00027461
-0.00027359
-0.00027256
-0.00027154
-0.00027051
-0.00026948
-0.00026845
-0.00026742
-0.00026639
-0.00026536
-0.00026433
-0.00026329
-0.00026226
-0.00026122
-0.00026018
-0.00025915
-0.00025811
-0.00025707
-0.00025603
-0.00025498
-0.00025394
-0.00025290
-0.00025185
-0.00025080
-0.00024976
-0.00024871
-0.00024766
-0.00024661
-0.00024556
-0.00024451
-0.00024346
-0.00024240
-0.00024135
-0.00024029
-0.00023924
-0.00023818
-0.00023712
-0.00023606
-0.00023500
-0.00023394
-0.00023288
-0.00023181
-0.00023075
-0.00022969
-0.00022862
-0.00022755
-0.00022649
-0.00022542
-0.00022435
-0.00022328
-0.00022221
-0.00022114
-0.00022007
-0.00021899
-0.00021792
-0.00021684
-0.00021577
-0.00021469
-0.00021361
-0.00021254
-0.00021146
-0.00021038
-0.00020930
-0.00020821
-0.00020713
-0.00020605
-0.00020496
-0.00020388
-0.00020279
-0.00020171
-0.00020062
-0.00019953
-0.00019844
-0.00019736
-0.00019627
-0.00019517
-0.00019408
-0.00019299
-0.00019190
-0.00019080
-0.00018971
-0.00018861
-0.00018752
-0.00018642
-0.00018532
-0.00018422
-0.00018313
-0.00018203
-0.00018093
-0.00017982
-0.00017872
-0.00017762
-0.00017652
-0.00017541
-0.00017431
-0.00017320
-0.00017210
-0.00017099
-0.00016988
-0.00016878
-0.00016767
-0.00016656
-0.00016545
-0.00016434
-0.00016323
-0.00016212
-0.00016100
-0.00015989
-0.00015878
-0.00015766
-0.00015655
-0.00015543
-0.00015432
-0.00015320
-0.00015208
-0.00015097
-0.00014985
-0.00014873
-0.00014761
-0.00014649
-0.00014537
-0.00014425
-0.00014313
-0.00014200
-0.00014088
-0.00013976
-0.00013864
-0.00013751
-0.00013639
-0.00013526
-0.00013413
-0.00013301
-0.00013188
-0.00013075
-0.00012963
-0.00012850
-0.00012737
-0.00012624
-0.00012511
-0.00012398
-0.00012285
-0.00012172
-0.00012058
-0.00011945
-0.00011832
-0.00011719
-0.00011605
-0.00011492
-0.00011378
-0.00011265
-0.00011151
-0.00011038
-0.00010924
-0.00010810
-0.00010697
-0.00010583
-0.00010469
-0.00010355
-0.00010241
-0.00010127
-0.00010014
-0.00009900
-0.00009785
-0.00009671
-0.00009557
-0.00009443
-0.00009329
-0.00009215
-0.00009100
-0.00008986
-0.00008872
-0.00008758
-0.00008643
-0.00008529
-0.00008414
-0.00008300
-0.00008185
-0.00008071
-0.00007956
-0.00007841
-0.00007727
-0.00007612
-0.00007497
-0.00007383
-0.00007268
-0.00007153
-0.00007038
-0.00006924
-0.00006809
-0.00006694
-0.00006579
-0.00006464
-0.00006349
-0.00006234
-0.00006119
-0.00006004
-0.00005889
-0.00005774
-0.00005659
-0.00005543
-0.00005428
-0.00005313
-0.00005198
-0.00005083
-0.00004967
-0.00004852
-0.00004737
-0.00004622
-0.00004506
-0.00004391
-0.00004276
-0.00004160
-0.00004045
-0.00003930
-0.00003814
-0.00003699
-0.00003583
-0.00003468
-0.00003352
-0.00003237
-0.00003121
-0.00003006
-0.00002890
-0.00002775
-0.00002659
-0.00002544
-0.00002428
-0.00002313
-0.00002197
-0.00002081
-0.00001966
-0.00001850
-0.00001735
-0.00001619
-0.00001503
-0.00001388
-0.00001272
-0.00001157
-0.00001041
-0.00000925
-0.00000810
-0.00000694
-0.00000578
-0.00000463
-0.00000347
-0.00000231
-0.00000116
