3.200000 0.00050000 3200
3.200000 0.00050000 3200
3.200000 0.00050000 3200
3.200000 0.00050000 3200
3.200000 0.00050000 3200
3.200000 0.00050000 3200
3.200000 0.00050000 3200
3.200000 0.00050000 3200
3.200000 0.00050000 3200
3.200000 0.00050000 3200
3.200000 0.00050000 3200
3.200000 0.00050000 3200
3.200000 0.00050000 3200
3.200000 0.00050000 3200
3.200000 0.00050000 3200
3.200000 0.00050000 3200
3.200000 0.00050000 3200
3.200000 0.00050000 3200
3.200000 0.00050000 3200
3.200000 0.00050000 3200
3.200000 0.00050000 3200
3.200000 0.00050000 3200
3.200000 0.00050000 3200
3.200000 0.00050000 3200
3.200000 0.00050000 3200
3.200000 0.00050000 3200
3.200000 0.00050000 3200
3.200000 0.00050000 3200
3.200000 0.00050000 3200
3.200000 0.00050000 3200
3.200000 0.00050000 3200
3.200000 0.00050000 3200
3.200000 0.00050000 3200
3.200000 0.00050000 3200
3.200000 0.00050000 3200
3.200000 0.00050000 3200
3.200000 0.00050000 3200
3.200000 0.00050000 3200
3.200000 0.00050000 3200
3.200000 0.00050000 3200
3.200000 0.00050000 3200
3.200000 0.00050000 3200
3.200000 0.00050000 3200
3.200000 0.00050000 3200
3.200000 0.00050000 3200
3.200000 0.00050000 3200
3.200000 0.00050000 3200
3.200000 0.00050000 3200
3.200000 0.00050000 3200
3.200000 0.00050000 3200
