3.200000 0.00050000 640
3.200000 0.00050000 640
3.200000 0.00050000 640
3.200000 0.00050000 640
3.200000 0.00050000 640
3.200000 0.00050000 640
3.200000 0.00050000 640
3.200000 0.00050000 640
3.200000 0.00050000 640
3.200000 0.00050000 640
3.200000 0.00050000 640
3.200000 0.00050000 640
3.200000 0.00050000 640
3.200000 0.00050000 640
3.200000 0.00050000 640
3.200000 0.00050000 640
3.200000 0.00050000 640
3.200000 0.00050000 640
3.200000 0.00050000 640
3.200000 0.00050000 640
3.200000 0.00050000 640
3.200000 0.00050000 640
3.200000 0.00050000 640
3.200000 0.00050000 640
3.200000 0.00050000 640
3.200000 0.00050000 640
3.200000 0.00050000 640
3.200000 0.00050000 640
3.200000 0.00050000 640
3.200000 0.00050000 640
3.200000 0.00050000 640
3.200000 0.00050000 640
3.200000 0.00050000 640
3.200000 0.00050000 640
3.200000 0.00050000 640
3.200000 0.00050000 640
3.200000 0.00050000 640
3.200000 0.00050000 640
3.200000 0.00050000 640
3.200000 0.00050000 640
3.200000 0.00050000 640
3.200000 0.00050000 640
3.200000 0.00050000 640
3.200000 0.00050000 640
3.200000 0.00050000 640
3.200000 0.00050000 640
3.200000 0.00050000 640
3.200000 0.00050000 640
3.200000 0.00050000 640
3.200000 0.00050000 640
