Time Flow_BTPS O2 CO2 N2 MMss SampleFlow MMms DelayO2 DelayMMss
0 0.00000000 15.34595 4.88555 0.00000 29.22185 -0.00355733 28.93753 0.56933 0.64930
5 0.00578000 15.34910 4.88218 0.00000 29.22178 -0.00355837 28.93834 0.56939 0.64919
10 0.01157000 15.35441 4.87751 0.00000 29.22172 -0.00355883 28.93918 0.56950 0.64913
15 0.01735000 15.36018 4.87253 0.00000 29.22163 -0.00355940 28.94003 0.56965 0.64927
20 0.02313000 15.36668 4.86607 0.00000 29.22149 -0.00356030 28.94089 0.56981 0.64961
25 0.02890000 15.37411 4.85872 0.00000 29.22130 -0.00356079 28.94176 0.56999 0.64978
30 0.03468000 15.38510 4.85023 0.00000 29.22111 -0.00356088 28.94264 0.57016 0.64978
35 0.04045000 15.39728 4.83932 0.00000 29.22081 -0.00356105 28.94354 0.57032 0.64977
40 0.04622000 15.41108 4.82664 0.00000 29.22045 -0.00356106 28.94448 0.57048 0.64975
45 0.05198000 15.42685 4.81066 0.00000 29.21990 -0.00356118 28.94541 0.57062 0.64972
50 0.05774000 15.44828 4.79210 0.00000 29.21921 -0.00356092 28.94637 0.57057 0.64984
55 0.06349000 15.47211 4.76950 0.00000 29.21832 -0.00356080 28.94730 0.57068 0.64994
60 0.06924000 15.49894 4.74315 0.00000 29.21717 -0.00356085 28.94826 0.57078 0.65004
65 0.07497000 15.53281 4.71206 0.00000 29.21575 -0.00356086 28.94921 0.57085 0.64975
70 0.08071000 15.57045 4.67633 0.00000 29.21387 -0.00356039 28.95014 0.57088 0.64943
75 0.08643000 15.61258 4.63479 0.00000 29.21157 -0.00355994 28.95108 0.57072 0.64945
80 0.09215000 15.65999 4.58761 0.00000 29.20865 -0.00355952 28.95199 0.57057 0.64948
85 0.09785000 15.71650 4.53369 0.00000 29.20511 -0.00355914 28.95288 0.57045 0.64937
90 0.10355000 15.77879 4.47276 0.00000 29.20074 -0.00355907 28.95372 0.57037 0.64930
95 0.10924000 15.84747 4.40494 0.00000 29.19549 -0.00355885 28.95452 0.57051 0.64943
100 0.11492000 15.92301 4.32943 0.00000 29.18925 -0.00355872 28.95524 0.57082 0.64957
105 0.12058000 16.00569 4.24650 0.00000 29.18192 -0.00355871 28.95588 0.57094 0.64950
110 0.12624000 16.09995 4.15570 0.00000 29.17339 -0.00355857 28.95643 0.57085 0.64921
115 0.13188000 16.20124 4.05728 0.00000 29.16349 -0.00355879 28.95685 0.57070 0.64889
120 0.13751000 16.30987 3.95132 0.00000 29.15221 -0.00355912 28.95715 0.57054 0.64872
125 0.14313000 16.42575 3.83783 0.00000 29.13942 -0.00355957 28.95729 0.57036 0.64854
130 0.14873000 16.55102 3.71727 0.00000 29.12515 -0.00356011 28.95727 0.57037 0.64838
135 0.15432000 16.68327 3.58988 0.00000 29.10929 -0.00356099 28.95704 0.57039 0.64824
140 0.15989000 16.82228 3.45647 0.00000 29.09190 -0.00356171 28.95665 0.57045 0.64831
145 0.16545000 16.96899 3.31750 0.00000 29.07299 -0.00356251 28.95605 0.57019 0.64807
150 0.17099000 17.12149 3.17368 0.00000 29.05261 -0.00356335 28.95526 0.56997 0.64802
155 0.17652000 17.27927 3.02579 0.00000 29.03089 -0.00356398 28.95425 0.57010 0.64797
160 0.18203000 17.44166 2.87468 0.00000 29.00793 -0.00356487 28.95303 0.57022 0.64792
165 0.18752000 17.60882 2.72109 0.00000 28.98394 -0.00356574 28.95157 0.57016 0.64802
170 0.19299000 17.77888 2.56614 0.00000 28.95907 -0.00356657 28.94993 0.57008 0.64811
175 0.19844000 17.95101 2.41075 0.00000 28.93352 -0.00356710 28.94806 0.57015 0.64817
180 0.20388000 18.12427 2.25589 0.00000 28.90751 -0.00356752 28.94603 0.57020 0.64806
185 0.20930000 18.29769 2.10251 0.00000 28.88129 -0.00356781 28.94380 0.57009 0.64796
190 0.21469000 18.47083 1.95150 0.00000 28.85516 -0.00356817 28.94142 0.56984 0.64772
195 0.22007000 18.64209 1.80375 0.00000 28.82928 -0.00356834 28.93892 0.56961 0.64772
200 0.22542000 18.81053 1.66005 0.00000 28.80394 -0.00356832 28.93629 0.56955 0.64759
205 0.23075000 18.97524 1.52114 0.00000 28.77940 -0.00356836 28.93357 0.56947 0.64768
210 0.23606000 19.13573 1.38767 0.00000 28.75587 -0.00356824 28.93079 0.56937 0.64768
215 0.24135000 19.29080 1.26019 0.00000 28.73346 -0.00356775 28.92798 0.56929 0.64741
220 0.24661000 19.43976 1.13917 0.00000 28.71238 -0.00356713 28.92515 0.56937 0.64715
225 0.25185000 19.58181 1.02495 0.00000 28.69279 -0.00356641 28.92234 0.56908 0.64704
230 0.25707000 19.71700 0.91777 0.00000 28.67474 -0.00356561 28.91958 0.56892 0.64709
235 0.26226000 19.84451 0.81793 0.00000 28.65831 -0.00356499 28.91692 0.56875 0.64693
240 0.26742000 19.96313 0.72530 0.00000 28.64351 -0.00356407 28.91434 0.56858 0.64658
245 0.27256000 20.07385 0.63983 0.00000 28.63035 -0.00356314 28.91189 0.56859 0.64623
250 0.27768000 20.17636 0.56170 0.00000 28.61880 -0.00356221 28.90954 0.56862 0.64607
255 0.28276000 20.27066 0.49036 0.00000 28.60880 -0.00356104 28.90733 0.56869 0.64595
260 0.28782000 20.35689 0.42618 0.00000 28.60031 -0.00356015 28.90526 0.56863 0.64587
265 0.29285000 20.43362 0.36919 0.00000 28.59319 -0.00355954 28.90334 0.56858 0.64581
270 0.29786000 20.50296 0.31808 0.00000 28.58730 -0.00355877 28.90158 0.56835 0.64576
275 0.30283000 20.56520 0.27333 0.00000 28.58258 -0.00355783 28.89996 0.56806 0.64567
280 0.30778000 20.62074 0.23374 0.00000 28.57884 -0.00355699 28.89849 0.56808 0.64571
285 0.31269000 20.66765 0.19891 0.00000 28.57595 -0.00355647 28.89717 0.56811 0.64556
290 0.31758000 20.70904 0.16936 0.00000 28.57385 -0.00355603 28.89599 0.56782 0.64543
295 0.32243000 20.74534 0.14370 0.00000 28.57237 -0.00355568 28.89492 0.56759 0.64535
300 0.32726000 20.77704 0.12265 0.00000 28.57145 -0.00355541 28.89398 0.56756 0.64530
305 0.33205000 20.80136 0.10469 0.00000 28.57091 -0.00355546 28.89314 0.56769 0.64561
310 0.33681000 20.82243 0.09042 0.00000 28.57070 -0.00355535 28.89239 0.56761 0.64573
315 0.34154000 20.84059 0.07854 0.00000 28.57077 -0.00355530 28.89171 0.56761 0.64564
320 0.34623000 20.85272 0.06937 0.00000 28.57099 -0.00355531 28.89110 0.56732 0.64570
325 0.35090000 20.86300 0.06196 0.00000 28.57139 -0.00355487 28.89052 0.56703 0.64576
330 0.35552000 20.87165 0.05668 0.00000 28.57178 -0.00355469 28.89004 0.56692 0.64584
335 0.36012000 20.87895 0.05263 0.00000 28.57228 -0.00355447 28.88958 0.56683 0.64592
340 0.36468000 20.88168 0.05022 0.00000 28.57278 -0.00355445 28.88915 0.56673 0.64581
345 0.36920000 20.88395 0.04911 0.00000 28.57333 -0.00355437 28.88876 0.56660 0.64568
350 0.37369000 20.88582 0.04865 0.00000 28.57386 -0.00355447 28.88836 0.56646 0.64536
355 0.37814000 20.88765 0.04920 0.00000 28.57436 -0.00355429 28.88800 0.56633 0.64507
360 0.38256000 20.88944 0.05016 0.00000 28.57483 -0.00355382 28.88764 0.56642 0.64481
365 0.38694000 20.88712 0.05175 0.00000 28.57525 -0.00355356 28.88731 0.56636 0.64493
370 0.39128000 20.88544 0.05357 0.00000 28.57567 -0.00355327 28.88701 0.56630 0.64504
375 0.39558000 20.88426 0.05554 0.00000 28.57601 -0.00355321 28.88673 0.56622 0.64461
380 0.39985000 20.88354 0.05775 0.00000 28.57633 -0.00355315 28.88647 0.56613 0.64417
385 0.40407000 20.88121 0.05999 0.00000 28.57661 -0.00355288 28.88626 0.56639 0.64390
390 0.40826000 20.87948 0.06236 0.00000 28.57686 -0.00355239 28.88611 0.56648 0.64363
395 0.41241000 20.87842 0.06466 0.00000 28.57702 -0.00355193 28.88597 0.56637 0.64333
400 0.41652000 20.87646 0.06685 0.00000 28.57710 -0.00355148 28.88589 0.56642 0.64320
405 0.42059000 20.87500 0.06891 0.00000 28.57716 -0.00355127 28.88585 0.56646 0.64289
410 0.42462000 20.87396 0.07081 0.00000 28.57712 -0.00355130 28.88585 0.56651 0.64262
415 0.42861000 20.87330 0.07252 0.00000 28.57703 -0.00355136 28.88593 0.56660 0.64262
420 0.43255000 20.87209 0.07420 0.00000 28.57683 -0.00355123 28.88604 0.56655 0.64239
425 0.43646000 20.87134 0.07569 0.00000 28.57660 -0.00355116 28.88620 0.56653 0.64237
430 0.44032000 20.87100 0.07698 0.00000 28.57631 -0.00355140 28.88642 0.56634 0.64234
435 0.44414000 20.87086 0.07809 0.00000 28.57598 -0.00355172 28.88667 0.56611 0.64229
440 0.44792000 20.87114 0.07904 0.00000 28.57560 -0.00355188 28.88700 0.56585 0.64222
445 0.45165000 20.87124 0.07982 0.00000 28.57516 -0.00355189 28.88737 0.56591 0.64193
450 0.45534000 20.87176 0.08046 0.00000 28.57473 -0.00355197 28.88776 0.56597 0.64182
455 0.45899000 20.87265 0.08098 0.00000 28.57429 -0.00355207 28.88820 0.56552 0.64172
460 0.46259000 20.87385 0.08139 0.00000 28.57386 -0.00355268 28.88868 0.56507 0.64162
465 0.46615000 20.87497 0.08172 0.00000 28.57344 -0.00355304 28.88920 0.56478 0.64151
470 0.46966000 20.87637 0.08198 0.00000 28.57303 -0.00355341 28.88978 0.56447 0.64121
475 0.47313000 20.87817 0.08219 0.00000 28.57269 -0.00355402 28.89038 0.56415 0.64089
480 0.47655000 20.88012 0.08237 0.00000 28.57237 -0.00355465 28.89100 0.56403 0.64077
485 0.47993000 20.88182 0.08254 0.00000 28.57211 -0.00355506 28.89165 0.56376 0.64049
490 0.48326000 20.88364 0.08254 0.00000 28.57193 -0.00355524 28.89228 0.56349 0.64021
495 0.48654000 20.88553 0.08254 0.00000 28.57179 -0.00355543 28.89293 0.56321 0.64011
500 0.48978000 20.88726 0.08254 0.00000 28.57171 -0.00355585 28.89357 0.56309 0.63999
505 0.49297000 20.88899 0.08254 0.00000 28.57170 -0.00355649 28.89421 0.56298 0.63971
510 0.49611000 20.89067 0.08254 0.00000 28.57174 -0.00355687 28.89487 0.56288 0.63943
515 0.49920000 20.89229 0.08254 0.00000 28.57178 -0.00355699 28.89556 0.56278 0.63933
520 0.50225000 20.89380 0.08254 0.00000 28.57186 -0.00355708 28.89623 0.56278 0.63921
525 0.50524000 20.89520 0.08254 0.00000 28.57198 -0.00355737 28.89690 0.56247 0.63906
530 0.50819000 20.89648 0.08254 0.00000 28.57211 -0.00355785 28.89757 0.56232 0.63889
535 0.51109000 20.89765 0.08254 0.00000 28.57227 -0.00355830 28.89821 0.56214 0.63872
540 0.51394000 20.89851 0.08254 0.00000 28.57241 -0.00355847 28.89885 0.56197 0.63836
545 0.51674000 20.89927 0.08254 0.00000 28.57254 -0.00355863 28.89949 0.56179 0.63800
550 0.51949000 20.89993 0.08254 0.00000 28.57263 -0.00355877 28.90014 0.56143 0.63765
555 0.52220000 20.90046 0.08254 0.00000 28.57272 -0.00355912 28.90078 0.56108 0.63765
560 0.52485000 20.90087 0.08254 0.00000 28.57281 -0.00355921 28.90139 0.56090 0.63730
565 0.52745000 20.90117 0.08254 0.00000 28.57289 -0.00355903 28.90199 0.56057 0.63696
570 0.53000000 20.90134 0.08254 0.00000 28.57292 -0.00355879 28.90257 0.56024 0.63681
575 0.53249000 20.90159 0.08254 0.00000 28.57294 -0.00355849 28.90313 0.56011 0.63667
580 0.53494000 20.90171 0.08254 0.00000 28.57294 -0.00355861 28.90369 0.55997 0.63635
585 0.53734000 20.90175 0.08254 0.00000 28.57294 -0.00355841 28.90421 0.55965 0.63604
590 0.53968000 20.90172 0.08254 0.00000 28.57295 -0.00355813 28.90474 0.55934 0.63572
595 0.54197000 20.90165 0.08254 0.00000 28.57293 -0.00355753 28.90523 0.55923 0.63544
600 0.54421000 20.90157 0.08254 0.00000 28.57290 -0.00355683 28.90570 0.55916 0.63535
605 0.54640000 20.90149 0.08254 0.00000 28.57288 -0.00355601 28.90617 0.55911 0.63530
610 0.54853000 20.90125 0.08254 0.00000 28.57291 -0.00355505 28.90660 0.55906 0.63506
615 0.55061000 20.90106 0.08254 0.00000 28.57295 -0.00355419 28.90701 0.55897 0.63516
620 0.55264000 20.90111 0.08254 0.00000 28.57297 -0.00355343 28.90743 0.55866 0.63521
625 0.55462000 20.90121 0.08254 0.00000 28.57303 -0.00355231 28.90781 0.55833 0.63507
630 0.55654000 20.90139 0.08254 0.00000 28.57313 -0.00355084 28.90820 0.55803 0.63494
635 0.55840000 20.90166 0.08254 0.00000 28.57324 -0.00354927 28.90858 0.55778 0.63485
640 0.56022000 20.90204 0.08254 0.00000 28.57332 -0.00354784 28.90895 0.55755 0.63478
645 0.56198000 20.90257 0.08254 0.00000 28.57339 -0.00354657 28.90928 0.55750 0.63456
650 0.56368000 20.90307 0.08254 0.00000 28.57350 -0.00354526 28.90962 0.55750 0.63432
655 0.56534000 20.90375 0.08254 0.00000 28.57364 -0.00354394 28.90993 0.55743 0.63407
660 0.56693000 20.90461 0.08254 0.00000 28.57375 -0.00354241 28.91026 0.55717 0.63399
665 0.56848000 20.90564 0.08254 0.00000 28.57387 -0.00354071 28.91058 0.55692 0.63394
670 0.56996000 20.90684 0.08254 0.00000 28.57395 -0.00353882 28.91088 0.55671 0.63391
675 0.57140000 20.90822 0.08254 0.00000 28.57403 -0.00353750 28.91120 0.55653 0.63390
680 0.57277000 20.90957 0.08254 0.00000 28.57409 -0.00353650 28.91151 0.55651 0.63386
685 0.57410000 20.91109 0.08254 0.00000 28.57412 -0.00353537 28.91181 0.55646 0.63380
690 0.57536000 20.91294 0.08254 0.00000 28.57416 -0.00353438 28.91212 0.55621 0.63373
695 0.57657000 20.91488 0.08254 0.00000 28.57417 -0.00353379 28.91242 0.55631 0.63366
700 0.57773000 20.91690 0.08254 0.00000 28.57415 -0.00353315 28.91275 0.55641 0.63359
705 0.57883000 20.91899 0.08254 0.00000 28.57412 -0.00353272 28.91306 0.55635 0.63355
710 0.57988000 20.92110 0.08254 0.00000 28.57406 -0.00353251 28.91339 0.55633 0.63355
715 0.58086000 20.92322 0.08238 0.00000 28.57397 -0.00353276 28.91372 0.55636 0.63343
720 0.58180000 20.92531 0.08220 0.00000 28.57385 -0.00353324 28.91409 0.55641 0.63331
725 0.58267000 20.92753 0.08215 0.00000 28.57373 -0.00353348 28.91441 0.55630 0.63336
730 0.58349000 20.92945 0.08207 0.00000 28.57357 -0.00353394 28.91476 0.55616 0.63337
735 0.58426000 20.93127 0.08196 0.00000 28.57337 -0.00353486 28.91510 0.55600 0.63337
740 0.58497000 20.93295 0.08180 0.00000 28.57317 -0.00353621 28.91548 0.55599 0.63319
745 0.58562000 20.93447 0.08161 0.00000 28.57290 -0.00353752 28.91585 0.55598 0.63302
750 0.58621000 20.93581 0.08138 0.00000 28.57263 -0.00353902 28.91625 0.55598 0.63301
755 0.58675000 20.93697 0.08112 0.00000 28.57234 -0.00354067 28.91666 0.55598 0.63301
760 0.58723000 20.93795 0.08082 0.00000 28.57198 -0.00354271 28.91710 0.55597 0.63297
765 0.58766000 20.93873 0.08049 0.00000 28.57160 -0.00354514 28.91752 0.55592 0.63291
770 0.58803000 20.93934 0.08014 0.00000 28.57123 -0.00354746 28.91796 0.55584 0.63264
775 0.58834000 20.93978 0.07976 0.00000 28.57084 -0.00354993 28.91838 0.55574 0.63264
780 0.58859000 20.94007 0.07938 0.00000 28.57045 -0.00355255 28.91881 0.55565 0.63238
785 0.58879000 20.94003 0.07898 0.00000 28.57006 -0.00355505 28.91924 0.55560 0.63214
790 0.58894000 20.93990 0.07859 0.00000 28.56968 -0.00355741 28.91971 0.55559 0.63194
795 0.58902000 20.93987 0.07820 0.00000 28.56933 -0.00356058 28.92019 0.55545 0.63179
800 0.58905000 20.93973 0.07782 0.00000 28.56904 -0.00356356 28.92065 0.55531 0.63182
805 0.58902000 20.93933 0.07746 0.00000 28.56883 -0.00356661 28.92105 0.55533 0.63184
810 0.58894000 20.93890 0.07713 0.00000 28.56868 -0.00356944 28.92143 0.55533 0.63168
815 0.58879000 20.93841 0.07684 0.00000 28.56861 -0.00357205 28.92181 0.55535 0.63152
820 0.58859000 20.93788 0.07658 0.00000 28.56862 -0.00357487 28.92219 0.55521 0.63172
825 0.58834000 20.93729 0.07637 0.00000 28.56874 -0.00357762 28.92251 0.55506 0.63175
830 0.58803000 20.93644 0.07621 0.00000 28.56892 -0.00358053 28.92281 0.55508 0.63160
835 0.58766000 20.93552 0.07610 0.00000 28.56916 -0.00358333 28.92305 0.55511 0.63162
840 0.58723000 20.93451 0.07605 0.00000 28.56947 -0.00358625 28.92327 0.55516 0.63166
845 0.58675000 20.93338 0.07605 0.00000 28.56982 -0.00358907 28.92344 0.55522 0.63189
850 0.58621000 20.93212 0.07610 0.00000 28.57021 -0.00359128 28.92360 0.55511 0.63212
855 0.58562000 20.93071 0.07621 0.00000 28.57066 -0.00359339 28.92371 0.55497 0.63216
860 0.58497000 20.92913 0.07637 0.00000 28.57110 -0.00359585 28.92378 0.55481 0.63218
865 0.58426000 20.92739 0.07658 0.00000 28.57151 -0.00359819 28.92383 0.55463 0.63218
870 0.58349000 20.92548 0.07684 0.00000 28.57188 -0.00360019 28.92385 0.55443 0.63217
875 0.58267000 20.92322 0.07713 0.00000 28.57221 -0.00360158 28.92383 0.55440 0.63214
880 0.58180000 20.92080 0.07746 0.00000 28.57243 -0.00360335 28.92381 0.55436 0.63211
885 0.58086000 20.91842 0.07782 0.00000 28.57257 -0.00360525 28.92373 0.55414 0.63207
890 0.57988000 20.91586 0.07819 0.00000 28.57265 -0.00360706 28.92363 0.55392 0.63202
895 0.57883000 20.91317 0.07858 0.00000 28.57264 -0.00360856 28.92352 0.55403 0.63197
900 0.57773000 20.91039 0.07898 0.00000 28.57254 -0.00360976 28.92345 0.55394 0.63189
905 0.57657000 20.90754 0.07937 0.00000 28.57235 -0.00361092 28.92339 0.55363 0.63178
910 0.57536000 20.90469 0.07976 0.00000 28.57207 -0.00361202 28.92334 0.55349 0.63165
915 0.57410000 20.90187 0.08013 0.00000 28.57171 -0.00361306 28.92326 0.55334 0.63150
920 0.57277000 20.89913 0.08049 0.00000 28.57130 -0.00361430 28.92320 0.55338 0.63136
925 0.57140000 20.89652 0.08082 0.00000 28.57087 -0.00361551 28.92315 0.55341 0.63122
930 0.56996000 20.89408 0.08111 0.00000 28.57041 -0.00361670 28.92313 0.55329 0.63109
935 0.56848000 20.89205 0.08138 0.00000 28.56995 -0.00361763 28.92313 0.55321 0.63116
940 0.56693000 20.89026 0.08161 0.00000 28.56949 -0.00361855 28.92314 0.55319 0.63128
945 0.56534000 20.88876 0.08180 0.00000 28.56906 -0.00361944 28.92318 0.55323 0.63145
950 0.56368000 20.88759 0.08195 0.00000 28.56866 -0.00361979 28.92321 0.55330 0.63166
955 0.56198000 20.88679 0.08207 0.00000 28.56832 -0.00362055 28.92325 0.55337 0.63174
960 0.56022000 20.88637 0.08215 0.00000 28.56802 -0.00362146 28.92332 0.55344 0.63181
965 0.55840000 20.88614 0.08219 0.00000 28.56780 -0.00362202 28.92340 0.55349 0.63187
970 0.55654000 20.88630 0.08237 0.00000 28.56765 -0.00362195 28.92349 0.55357 0.63210
975 0.55462000 20.88681 0.08254 0.00000 28.56758 -0.00362170 28.92357 0.55371 0.63252
980 0.55264000 20.88745 0.08254 0.00000 28.56758 -0.00362171 28.92366 0.55389 0.63270
985 0.55061000 20.88837 0.08254 0.00000 28.56767 -0.00362172 28.92374 0.55408 0.63288
990 0.54853000 20.88949 0.08254 0.00000 28.56783 -0.00362123 28.92384 0.55425 0.63305
995 0.54640000 20.89074 0.08254 0.00000 28.56807 -0.00362074 28.92394 0.55440 0.63319
1000 0.54421000 20.89207 0.08254 0.00000 28.56837 -0.00362028 28.92403 0.55453 0.63348
1005 0.54197000 20.89339 0.08254 0.00000 28.56869 -0.00361964 28.92411 0.55465 0.63377
1010 0.53968000 20.89466 0.08254 0.00000 28.56902 -0.00361813 28.92417 0.55493 0.63389
1015 0.53734000 20.89581 0.08254 0.00000 28.56940 -0.00361624 28.92421 0.55520 0.63398
1020 0.53494000 20.89680 0.08254 0.00000 28.56980 -0.00361496 28.92427 0.55545 0.63388
1025 0.53249000 20.89758 0.08254 0.00000 28.57018 -0.00361384 28.92433 0.55566 0.63375
1030 0.53000000 20.89811 0.08254 0.00000 28.57051 -0.00361244 28.92440 0.55570 0.63395
1035 0.52745000 20.89837 0.08254 0.00000 28.57081 -0.00361111 28.92449 0.55573 0.63382
1040 0.52485000 20.89850 0.08254 0.00000 28.57107 -0.00360989 28.92458 0.55577 0.63368
1045 0.52220000 20.89832 0.08254 0.00000 28.57130 -0.00360886 28.92463 0.55598 0.63372
1050 0.51949000 20.89783 0.08254 0.00000 28.57146 -0.00360785 28.92467 0.55619 0.63376
1055 0.51674000 20.89704 0.08254 0.00000 28.57150 -0.00360738 28.92472 0.55622 0.63397
1060 0.51394000 20.89617 0.08254 0.00000 28.57147 -0.00360728 28.92480 0.55627 0.63420
1065 0.51109000 20.89522 0.08254 0.00000 28.57135 -0.00360735 28.92490 0.55634 0.63428
1070 0.50819000 20.89405 0.08254 0.00000 28.57116 -0.00360811 28.92498 0.55644 0.63438
1075 0.50524000 20.89272 0.08254 0.00000 28.57088 -0.00360935 28.92505 0.55654 0.63449
1080 0.50225000 20.89131 0.08254 0.00000 28.57052 -0.00361108 28.92516 0.55682 0.63459
1085 0.49920000 20.88985 0.08254 0.00000 28.57010 -0.00361333 28.92532 0.55709 0.63469
1090 0.49611000 20.88841 0.08254 0.00000 28.56964 -0.00361581 28.92548 0.55718 0.63477
1095 0.49297000 20.88705 0.08254 0.00000 28.56916 -0.00361850 28.92562 0.55726 0.63486
1100 0.48978000 20.88562 0.08254 0.00000 28.56870 -0.00362158 28.92579 0.55717 0.63477
1105 0.48654000 20.88437 0.08254 0.00000 28.56824 -0.00362547 28.92592 0.55709 0.63467
1110 0.48326000 20.88331 0.08254 0.00000 28.56779 -0.00362987 28.92608 0.55733 0.63422
1115 0.47993000 20.88246 0.08254 0.00000 28.56735 -0.00363400 28.92624 0.55720 0.63425
1120 0.47655000 20.88182 0.08254 0.00000 28.56696 -0.00363804 28.92638 0.55706 0.63428
1125 0.47313000 20.88139 0.08254 0.00000 28.56662 -0.00364264 28.92651 0.55708 0.63432
1130 0.46966000 20.88118 0.08254 0.00000 28.56636 -0.00364750 28.92664 0.55713 0.63438
1135 0.46615000 20.88117 0.08254 0.00000 28.56616 -0.00365183 28.92675 0.55766 0.63448
1140 0.46259000 20.88116 0.08254 0.00000 28.56603 -0.00365580 28.92689 0.55780 0.63461
1145 0.45899000 20.88133 0.08254 0.00000 28.56597 -0.00365984 28.92702 0.55795 0.63492
1150 0.45534000 20.88165 0.08254 0.00000 28.56596 -0.00366387 28.92712 0.55808 0.63523
1155 0.45165000 20.88225 0.08254 0.00000 28.56600 -0.00366735 28.92722 0.55819 0.63535
1160 0.44792000 20.88291 0.08254 0.00000 28.56610 -0.00367051 28.92727 0.55828 0.63545
1165 0.44414000 20.88362 0.08254 0.00000 28.56625 -0.00367330 28.92732 0.55838 0.63555
1170 0.44032000 20.88436 0.08254 0.00000 28.56645 -0.00367568 28.92736 0.55849 0.63565
1175 0.43646000 20.88513 0.08254 0.00000 28.56668 -0.00367764 28.92739 0.55846 0.63577
1180 0.43255000 20.88590 0.08254 0.00000 28.56695 -0.00367966 28.92739 0.55841 0.63590
1185 0.42861000 20.88667 0.08254 0.00000 28.56725 -0.00368103 28.92737 0.55801 0.63602
1190 0.42462000 20.88744 0.08254 0.00000 28.56754 -0.00368202 28.92733 0.55807 0.63593
1195 0.42059000 20.88819 0.08254 0.00000 28.56785 -0.00368266 28.92729 0.55810 0.63581
1200 0.41652000 20.88893 0.08254 0.00000 28.56815 -0.00368300 28.92723 0.55809 0.63564
1205 0.41241000 20.88964 0.08254 0.00000 28.56846 -0.00368333 28.92719 0.55804 0.63579
1210 0.40826000 20.89032 0.08254 0.00000 28.56878 -0.00368324 28.92713 0.55799 0.63592
1215 0.40407000 20.89099 0.08254 0.00000 28.56910 -0.00368302 28.92708 0.55795 0.63588
1220 0.39985000 20.89182 0.08254 0.00000 28.56939 -0.00368296 28.92699 0.55812 0.63585
1225 0.39558000 20.89264 0.08254 0.00000 28.56970 -0.00368289 28.92692 0.55832 0.63586
1230 0.39128000 20.89345 0.08254 0.00000 28.56998 -0.00368288 28.92685 0.55839 0.63591
1235 0.38694000 20.89427 0.08254 0.00000 28.57022 -0.00368274 28.92681 0.55848 0.63599
1240 0.38256000 20.89512 0.08254 0.00000 28.57039 -0.00368250 28.92678 0.55859 0.63592
1245 0.37814000 20.89601 0.08254 0.00000 28.57053 -0.00368267 28.92677 0.55868 0.63585
1250 0.37369000 20.89694 0.08254 0.00000 28.57061 -0.00368226 28.92676 0.55874 0.63592
1255 0.36920000 20.89792 0.08254 0.00000 28.57064 -0.00368198 28.92676 0.55877 0.63596
1260 0.36468000 20.89895 0.08254 0.00000 28.57064 -0.00368202 28.92677 0.55878 0.63615
1265 0.36012000 20.90003 0.08254 0.00000 28.57060 -0.00368261 28.92680 0.55861 0.63633
1270 0.35552000 20.90115 0.08254 0.00000 28.57048 -0.00368325 28.92685 0.55843 0.63633
1275 0.35090000 20.90231 0.08254 0.00000 28.57029 -0.00368316 28.92694 0.55826 0.63633
1280 0.34623000 20.90349 0.08254 0.00000 28.57003 -0.00368328 28.92702 0.55844 0.63633
1285 0.34154000 20.90470 0.08254 0.00000 28.56976 -0.00368358 28.92712 0.55861 0.63616
1290 0.33681000 20.90592 0.08254 0.00000 28.56945 -0.00368377 28.92721 0.55862 0.63600
1295 0.33205000 20.90714 0.08254 0.00000 28.56911 -0.00368361 28.92731 0.55866 0.63619
1300 0.32726000 20.90853 0.08254 0.00000 28.56873 -0.00368357 28.92745 0.55871 0.63641
1305 0.32243000 20.90988 0.08254 0.00000 28.56834 -0.00368313 28.92758 0.55879 0.63630
1310 0.31758000 20.91120 0.08254 0.00000 28.56797 -0.00368254 28.92771 0.55886 0.63621
1315 0.31269000 20.91232 0.08254 0.00000 28.56761 -0.00368177 28.92782 0.55876 0.63628
1320 0.30778000 20.91326 0.08254 0.00000 28.56728 -0.00368105 28.92793 0.55864 0.63634
1325 0.30283000 20.91418 0.08254 0.00000 28.56700 -0.00368016 28.92808 0.55871 0.63640
1330 0.29786000 20.91506 0.08254 0.00000 28.56680 -0.00367910 28.92823 0.55879 0.63664
1335 0.29285000 20.91569 0.08254 0.00000 28.56667 -0.00367789 28.92836 0.55903 0.63688
1340 0.28782000 20.91624 0.08254 0.00000 28.56662 -0.00367629 28.92847 0.55926 0.63678
1345 0.28276000 20.91669 0.08254 0.00000 28.56664 -0.00367481 28.92855 0.55930 0.63666
1350 0.27768000 20.91700 0.08254 0.00000 28.56676 -0.00367346 28.92865 0.55934 0.63670
1355 0.27256000 20.91734 0.08254 0.00000 28.56694 -0.00367203 28.92873 0.55941 0.63676
1360 0.26742000 20.91749 0.08254 0.00000 28.56719 -0.00367033 28.92882 0.55934 0.63667
1365 0.26226000 20.91745 0.08254 0.00000 28.56752 -0.00366837 28.92890 0.55931 0.63679
1370 0.25707000 20.91723 0.08254 0.00000 28.56793 -0.00366641 28.92895 0.55962 0.63693
1375 0.25185000 20.91684 0.08254 0.00000 28.56838 -0.00366496 28.92902 0.55993 0.63707
1380 0.24661000 20.91626 0.08254 0.00000 28.56886 -0.00366332 28.92908 0.55988 0.63720
1385 0.24135000 20.91552 0.08254 0.00000 28.56938 -0.00366150 28.92914 0.55980 0.63731
1390 0.23606000 20.91461 0.08254 0.00000 28.56992 -0.00366003 28.92919 0.55988 0.63739
1395 0.23075000 20.91353 0.08254 0.00000 28.57045 -0.00365867 28.92923 0.55994 0.63752
1400 0.22542000 20.91231 0.08254 0.00000 28.57091 -0.00365720 28.92929 0.56000 0.63752
1405 0.22007000 20.91095 0.08254 0.00000 28.57134 -0.00365612 28.92937 0.56021 0.63740
1410 0.21469000 20.90927 0.08254 0.00000 28.57175 -0.00365544 28.92942 0.56040 0.63726
1415 0.20930000 20.90768 0.08254 0.00000 28.57208 -0.00365495 28.92947 0.56025 0.63711
1420 0.20388000 20.90596 0.08254 0.00000 28.57231 -0.00365467 28.92953 0.56009 0.63712
1425 0.19844000 20.90416 0.08254 0.00000 28.57246 -0.00365465 28.92959 0.56006 0.63710
1430 0.19299000 20.90230 0.08254 0.00000 28.57249 -0.00365466 28.92966 0.55999 0.63688
1435 0.18752000 20.90042 0.08254 0.00000 28.57241 -0.00365469 28.92975 0.55974 0.63664
1440 0.18203000 20.89854 0.08254 0.00000 28.57227 -0.00365521 28.92983 0.55969 0.63640
1445 0.17652000 20.89671 0.08254 0.00000 28.57205 -0.00365597 28.92991 0.55965 0.63619
1450 0.17099000 20.89497 0.08254 0.00000 28.57171 -0.00365644 28.92999 0.55964 0.63599
1455 0.16545000 20.89334 0.08254 0.00000 28.57130 -0.00365732 28.93007 0.55964 0.63599
1460 0.15989000 20.89186 0.08254 0.00000 28.57083 -0.00365882 28.93018 0.55964 0.63599
1465 0.15432000 20.89057 0.08254 0.00000 28.57030 -0.00366019 28.93026 0.55964 0.63599
1470 0.14873000 20.88949 0.08254 0.00000 28.56974 -0.00366140 28.93036 0.55964 0.63599
1475 0.14313000 20.88864 0.08254 0.00000 28.56921 -0.00366240 28.93046 0.55964 0.63599
1480 0.13751000 20.88786 0.08254 0.00000 28.56867 -0.00366338 28.93054 0.55947 0.63599
1485 0.13188000 20.88734 0.08254 0.00000 28.56815 -0.00366450 28.93064 0.55930 0.63581
1490 0.12624000 20.88709 0.08254 0.00000 28.56770 -0.00366572 28.93075 0.55912 0.63581
1495 0.12058000 20.88727 0.08254 0.00000 28.56734 -0.00366677 28.93085 0.55912 0.63581
1500 0.11492000 20.88765 0.08254 0.00000 28.56707 -0.00366737 28.93093 0.55912 0.63581
1505 0.10924000 20.88824 0.08254 0.00000 28.56688 -0.00366823 28.93100 0.55893 0.63580
1510 0.10355000 20.88902 0.08254 0.00000 28.56678 -0.00366886 28.93108 0.55872 0.63560
1515 0.09785000 20.88998 0.08254 0.00000 28.56677 -0.00366900 28.93119 0.55847 0.63536
1520 0.09215000 20.89110 0.08254 0.00000 28.56690 -0.00366891 28.93129 0.55819 0.63527
1525 0.08643000 20.89236 0.08254 0.00000 28.56714 -0.00366857 28.93140 0.55788 0.63514
1530 0.08071000 20.89373 0.08254 0.00000 28.56746 -0.00366797 28.93149 0.55775 0.63502
1535 0.07497000 20.89519 0.08254 0.00000 28.56786 -0.00366686 28.93158 0.55765 0.63490
1540 0.06924000 20.89670 0.08254 0.00000 28.56830 -0.00366549 28.93168 0.55758 0.63482
1545 0.06349000 20.89823 0.08254 0.00000 28.56878 -0.00366384 28.93177 0.55752 0.63458
1550 0.05774000 20.89977 0.08254 0.00000 28.56930 -0.00366216 28.93186 0.55752 0.63434
1555 0.05198000 20.90108 0.08254 0.00000 28.56981 -0.00366025 28.93193 0.55745 0.63444
1560 0.04622000 20.90235 0.08254 0.00000 28.57031 -0.00365812 28.93203 0.55737 0.63454
1565 0.04045000 20.90335 0.08254 0.00000 28.57077 -0.00365557 28.93213 0.55713 0.63448
1570 0.03468000 20.90442 0.08254 0.00000 28.57120 -0.00365286 28.93224 0.55708 0.63445
1575 0.02890000 20.90534 0.08254 0.00000 28.57158 -0.00365002 28.93233 0.55705 0.63442
1580 0.02313000 20.90606 0.08254 0.00000 28.57184 -0.00364705 28.93241 0.55703 0.63456
1585 0.01735000 20.90659 0.08254 0.00000 28.57200 -0.00364423 28.93246 0.55699 0.63468
1590 0.01157000 20.90709 0.08254 0.00000 28.57211 -0.00364134 28.93252 0.55675 0.63479
1595 0.00578000 20.90736 0.08254 0.00000 28.57214 -0.00363841 28.93260 0.55650 0.63491
1600 0.00000000 20.90740 0.08254 0.00000 28.57206 -0.00363522 28.93270 0.55646 0.63488
1605 -0.00578000 20.90724 0.08254 0.00000 28.57191 -0.00363180 28.93277 0.55646 0.63489
1610 -0.01157000 20.90687 0.08254 0.00000 28.57171 -0.00362863 28.93284 0.55650 0.63476
1615 -0.01735000 20.90631 0.08254 0.00000 28.57142 -0.00362573 28.93288 0.55656 0.63482
1620 -0.02313000 20.90558 0.08254 0.00000 28.57110 -0.00362287 28.93293 0.55663 0.63489
1625 -0.02890000 20.90488 0.08254 0.00000 28.57080 -0.00362008 28.93298 0.55652 0.63512
1630 -0.03468000 20.90401 0.08254 0.00000 28.57048 -0.00361715 28.93303 0.55641 0.63535
1635 -0.04045000 20.90303 0.08254 0.00000 28.57014 -0.00361407 28.93310 0.55662 0.63520
1640 -0.04622000 20.90196 0.08254 0.00000 28.56980 -0.00361135 28.93317 0.55679 0.63501
1645 -0.05198000 20.90104 0.08254 0.00000 28.56950 -0.00360898 28.93325 0.55674 0.63496
1650 -0.05774000 20.90010 0.08254 0.00000 28.56923 -0.00360673 28.93330 0.55667 0.63489
1655 -0.06349000 20.89919 0.08254 0.00000 28.56902 -0.00360487 28.93338 0.55660 0.63483
1660 -0.06924000 20.89838 0.08254 0.00000 28.56882 -0.00360295 28.93345 0.55674 0.63463
1665 -0.07497000 20.89771 0.08254 0.00000 28.56865 -0.00360071 28.93354 0.55689 0.63444
1670 -0.08071000 20.89703 0.08254 0.00000 28.56850 -0.00359916 28.93364 0.55706 0.63427
1675 -0.08643000 20.89659 0.08254 0.00000 28.56841 -0.00359780 28.93373 0.55724 0.63412
1680 -0.09215000 20.89621 0.08254 0.00000 28.56833 -0.00359640 28.93382 0.55726 0.63416
1685 -0.09785000 20.89610 0.08254 0.00000 28.56828 -0.00359548 28.93392 0.55731 0.63423
1690 -0.10355000 20.89627 0.08254 0.00000 28.56824 -0.00359454 28.93403 0.55723 0.63436
1695 -0.10924000 20.89669 0.08254 0.00000 28.56818 -0.00359359 28.93416 0.55756 0.63452
1700 -0.11492000 20.89735 0.08254 0.00000 28.56811 -0.00359308 28.93432 0.55789 0.63469
1705 -0.12058000 20.89826 0.08254 0.00000 28.56803 -0.00359327 28.93448 0.55817 0.63482
1710 -0.12624000 20.89937 0.08254 0.00000 28.56793 -0.00359341 28.93463 0.55806 0.63490
1715 -0.13188000 20.90068 0.08254 0.00000 28.56780 -0.00359351 28.93477 0.55790 0.63493
1720 -0.13751000 20.90216 0.08254 0.00000 28.56768 -0.00359405 28.93493 0.55789 0.63493
1725 -0.14313000 20.90378 0.08254 0.00000 28.56758 -0.00359476 28.93508 0.55786 0.63490
1730 -0.14873000 20.90550 0.08254 0.00000 28.56745 -0.00359588 28.93525 0.55780 0.63485
1735 -0.15432000 20.90750 0.08254 0.00000 28.56729 -0.00359743 28.93545 0.55754 0.63461
1740 -0.15989000 20.90952 0.08254 0.00000 28.56717 -0.00359892 28.93563 0.55754 0.63454
1745 -0.16545000 20.91156 0.08254 0.00000 28.56704 -0.00360111 28.93582 0.55730 0.63449
1750 -0.17099000 20.91341 0.08254 0.00000 28.56695 -0.00360279 28.93604 0.55708 0.63463
1755 -0.17652000 20.91522 0.08254 0.00000 28.56689 -0.00360468 28.93624 0.55689 0.63479
1760 -0.18203000 20.91696 0.08254 0.00000 28.56684 -0.00360678 28.93645 0.55689 0.63496
1765 -0.18752000 20.91858 0.08254 0.00000 28.56685 -0.00360904 28.93670 0.55689 0.63514
1770 -0.19299000 20.92006 0.08254 0.00000 28.56690 -0.00361145 28.93694 0.55691 0.63500
1775 -0.19844000 20.92135 0.08254 0.00000 28.56695 -0.00361397 28.93722 0.55695 0.63488
1780 -0.20388000 20.92243 0.08254 0.00000 28.56702 -0.00361632 28.93751 0.55702 0.63478
1785 -0.20930000 20.92310 0.08254 0.00000 28.56713 -0.00361868 28.93781 0.55710 0.63469
1790 -0.21469000 20.92353 0.08254 0.00000 28.56727 -0.00362126 28.93814 0.55717 0.63456
1795 -0.22007000 20.92370 0.08254 0.00000 28.56743 -0.00362376 28.93849 0.55719 0.63473
1800 -0.22542000 20.92360 0.08254 0.00000 28.56759 -0.00362614 28.93888 0.55716 0.63487
1805 -0.23075000 20.92320 0.08254 0.00000 28.56775 -0.00362837 28.93928 0.55712 0.63466
1810 -0.23606000 20.92250 0.08254 0.00000 28.56789 -0.00363041 28.93970 0.55708 0.63446
1815 -0.24135000 20.92150 0.08254 0.00000 28.56799 -0.00363225 28.94012 0.55690 0.63446
1820 -0.24661000 20.92041 0.08254 0.00000 28.56808 -0.00363410 28.94056 0.55691 0.63431
1825 -0.25185000 20.91904 0.08254 0.00001 28.56814 -0.00363597 28.94102 0.55695 0.63419
1830 -0.25707000 20.91742 0.08254 0.00001 28.56815 -0.00363764 28.94151 0.55718 0.63425
1835 -0.26226000 20.91578 0.08254 0.00003 28.56816 -0.00363914 28.94201 0.55764 0.63431
1840 -0.26742000 20.91397 0.08254 0.00008 28.56814 -0.00363975 28.94252 0.55782 0.63451
1845 -0.27256000 20.91203 0.08254 0.00019 28.56805 -0.00364019 28.94304 0.55761 0.63466
1850 -0.27768000 20.91003 0.08254 0.00041 28.56793 -0.00364070 28.94354 0.55761 0.63461
1855 -0.28276000 20.90802 0.08254 0.00086 28.56781 -0.00364127 28.94405 0.55737 0.63455
1860 -0.28782000 20.90605 0.08254 0.00173 28.56767 -0.00364167 28.94454 0.55713 0.63450
1865 -0.29285000 20.90417 0.08254 0.00334 28.56749 -0.00364167 28.94503 0.55693 0.63450
1870 -0.29786000 20.90242 0.08254 0.00622 28.56735 -0.00364152 28.94553 0.55678 0.63452
1875 -0.30283000 20.90083 0.08254 0.01115 28.56722 -0.00364149 28.94598 0.55699 0.63439
1880 -0.30778000 20.89926 0.08254 0.01935 28.56706 -0.00364134 28.94644 0.55720 0.63425
1885 -0.31269000 20.89792 0.08254 0.03257 28.56695 -0.00364087 28.94688 0.55705 0.63426
1890 -0.31758000 20.89683 0.08254 0.05329 28.56688 -0.00364058 28.94727 0.55689 0.63428
1895 -0.32243000 20.89598 0.08254 0.08484 28.56683 -0.00364003 28.94764 0.55690 0.63430
1900 -0.32726000 20.89519 0.08254 0.13161 28.56680 -0.00363922 28.94798 0.55677 0.63434
1905 -0.33205000 20.89465 0.08254 0.19920 28.56682 -0.00363863 28.94831 0.55664 0.63437
1910 -0.33681000 20.89434 0.08254 0.29456 28.56689 -0.00363778 28.94855 0.55666 0.63437
1915 -0.34154000 20.89425 0.08254 0.42601 28.56701 -0.00363689 28.94872 0.55664 0.63435
1920 -0.34623000 20.89417 0.08254 0.60331 28.56714 -0.00363671 28.94879 0.55677 0.63431
1925 -0.35090000 20.89428 0.08254 0.83753 28.56729 -0.00363604 28.94876 0.55691 0.63430
1930 -0.35552000 20.89453 0.08254 1.14089 28.56746 -0.00363488 28.94866 0.55691 0.63414
1935 -0.36012000 20.89508 0.08254 1.52639 28.56764 -0.00363397 28.94847 0.55695 0.63402
1940 -0.36468000 20.89569 0.08254 2.00746 28.56783 -0.00363356 28.94818 0.55701 0.63408
1945 -0.36920000 20.89634 0.08254 2.59735 28.56801 -0.00363341 28.94777 0.55707 0.63414
1950 -0.37369000 20.89700 0.08254 3.30857 28.56815 -0.00363309 28.94721 0.55713 0.63419
1955 -0.37814000 20.89766 0.08254 4.15216 28.56824 -0.00363262 28.94647 0.55700 0.63406
1960 -0.38256000 20.89828 0.08254 5.13710 28.56832 -0.00363227 28.94556 0.55686 0.63391
1965 -0.38694000 20.89883 0.08254 6.26959 28.56838 -0.00363177 28.94447 0.55688 0.63374
1970 -0.39128000 20.89929 0.08254 7.55260 28.56841 -0.00363136 28.94316 0.55688 0.63358
1975 -0.39558000 20.89963 0.08254 8.98547 28.56837 -0.00363151 28.94165 0.55688 0.63375
1980 -0.39985000 20.89983 0.08254 10.56378 28.56826 -0.00363172 28.93989 0.55689 0.63394
1985 -0.40407000 20.89986 0.08254 12.27930 28.56810 -0.00363176 28.93790 0.55691 0.63381
1990 -0.40826000 20.89971 0.08254 14.12029 28.56792 -0.00363162 28.93565 0.55696 0.63387
1995 -0.41241000 20.89937 0.08254 16.07188 28.56771 -0.00363177 28.93316 0.55703 0.63396
2000 -0.41652000 20.89883 0.08254 18.11661 28.56746 -0.00363120 28.93043 0.55713 0.63407
2005 -0.42059000 20.89808 0.08254 20.23508 28.56717 -0.00363135 28.92743 0.55724 0.63417
2010 -0.42462000 20.89714 0.08254 22.40672 28.56690 -0.00363147 28.92429 0.55718 0.63427
2015 -0.42861000 20.89600 0.08254 24.61046 28.56665 -0.00363158 28.92089 0.55710 0.63437
2020 -0.43255000 20.89449 0.08271 26.82546 28.56642 -0.00363168 28.91725 0.55720 0.63448
2025 -0.43646000 20.89282 0.08289 29.03173 28.56620 -0.00363177 28.91340 0.55732 0.63461
2030 -0.44032000 20.89100 0.08310 31.21068 28.56600 -0.00363185 28.90936 0.55746 0.63442
2035 -0.44414000 20.88902 0.08336 33.34554 28.56586 -0.00363220 28.90513 0.55744 0.63438
2040 -0.44792000 20.88709 0.08368 35.42165 28.56577 -0.00363282 28.90074 0.55740 0.63431
2045 -0.45165000 20.88464 0.08426 37.42724 28.56571 -0.00363326 28.89617 0.55732 0.63438
2050 -0.45534000 20.88210 0.08496 39.35193 28.56570 -0.00363379 28.89146 0.55720 0.63442
2055 -0.45899000 20.87945 0.08598 41.18809 28.56573 -0.00363418 28.88660 0.55758 0.63461
2060 -0.46259000 20.87612 0.08721 42.93038 28.56582 -0.00363468 28.88162 0.55758 0.63479
2065 -0.46615000 20.87268 0.08902 44.57560 28.56595 -0.00363554 28.87654 0.55742 0.63464
2070 -0.46966000 20.86905 0.09116 46.12238 28.56614 -0.00363651 28.87135 0.55744 0.63450
2075 -0.47313000 20.86385 0.09406 47.57107 28.56638 -0.00363762 28.86607 0.55752 0.63437
2080 -0.47655000 20.85839 0.09797 48.92338 28.56659 -0.00363862 28.86069 0.55756 0.63458
2085 -0.47993000 20.85244 0.10257 50.18218 28.56686 -0.00363976 28.85526 0.55759 0.63478
2090 -0.48326000 20.84564 0.10835 51.35126 28.56719 -0.00364078 28.84976 0.55763 0.63482
2095 -0.48654000 20.83689 0.11515 52.43509 28.56757 -0.00364242 28.84422 0.55769 0.63487
2100 -0.48978000 20.82718 0.12367 53.43858 28.56801 -0.00364419 28.83865 0.55777 0.63494
2105 -0.49297000 20.81625 0.13363 54.36694 28.56857 -0.00364583 28.83305 0.55777 0.63501
2110 -0.49611000 20.80387 0.14574 55.22545 28.56923 -0.00364758 28.82743 0.55750 0.63507
2115 -0.49920000 20.78985 0.15975 56.01934 28.57000 -0.00364942 28.82178 0.55737 0.63511
2120 -0.50225000 20.77403 0.17590 56.75363 28.57097 -0.00365157 28.81614 0.55723 0.63513
2125 -0.50524000 20.75464 0.19491 57.43310 28.57213 -0.00365352 28.81048 0.55725 0.63533
2130 -0.50819000 20.73335 0.21650 58.06216 28.57356 -0.00365523 28.80482 0.55728 0.63554
2135 -0.51109000 20.70996 0.24138 58.64490 28.57528 -0.00365692 28.79922 0.55771 0.63541
2140 -0.51394000 20.68242 0.26928 59.18505 28.57734 -0.00365877 28.79364 0.55754 0.63526
2145 -0.51674000 20.65261 0.30070 59.68601 28.57975 -0.00366077 28.78810 0.55754 0.63508
2150 -0.51949000 20.62025 0.33548 60.15092 28.58263 -0.00366290 28.78258 0.55734 0.63486
2155 -0.52220000 20.58516 0.37410 60.58268 28.58597 -0.00366470 28.77714 0.55711 0.63498
2160 -0.52485000 20.54556 0.41633 60.98397 28.58979 -0.00366614 28.77182 0.55722 0.63492
2165 -0.52745000 20.50315 0.46257 61.35725 28.59419 -0.00366748 28.76663 0.55733 0.63484
2170 -0.53000000 20.45775 0.51286 61.70484 28.59916 -0.00366867 28.76162 0.55724 0.63474
2175 -0.53249000 20.40948 0.56688 62.02886 28.60480 -0.00366945 28.75683 0.55713 0.63461
2180 -0.53494000 20.35569 0.62494 62.33127 28.61109 -0.00367027 28.75228 0.55699 0.63432
2185 -0.53734000 20.29899 0.68666 62.61389 28.61807 -0.00367139 28.74797 0.55688 0.63405
2190 -0.53968000 20.23924 0.75210 62.87836 28.62570 -0.00367183 28.74390 0.55681 0.63418
2195 -0.54197000 20.17640 0.82095 63.12618 28.63404 -0.00367160 28.74013 0.55678 0.63434
2200 -0.54421000 20.11047 0.89303 63.35872 28.64310 -0.00367138 28.73666 0.55679 0.63452
2205 -0.54640000 20.04027 0.96844 63.57721 28.65286 -0.00367118 28.73356 0.55698 0.63453
2210 -0.54853000 19.96732 1.04661 63.78276 28.66332 -0.00367073 28.73081 0.55715 0.63451
2215 -0.55061000 19.89171 1.12740 63.97637 28.67437 -0.00366980 28.72846 0.55694 0.63448
2220 -0.55264000 19.81360 1.21036 64.15895 28.68604 -0.00366887 28.72650 0.55674 0.63447
2225 -0.55462000 19.73208 1.29547 64.33130 28.69824 -0.00366771 28.72496 0.55657 0.63448
2230 -0.55654000 19.64863 1.38209 64.49416 28.71100 -0.00366583 28.72385 0.55643 0.63453
2235 -0.55840000 19.56343 1.47003 64.64819 28.72421 -0.00366394 28.72318 0.55666 0.63458
2240 -0.56022000 19.47545 1.55878 64.79400 28.73778 -0.00366202 28.72297 0.55672 0.63464
2245 -0.56198000 19.38637 1.64818 64.93214 28.75167 -0.00366012 28.72320 0.55678 0.63472
2250 -0.56368000 19.29637 1.73805 65.06311 28.76578 -0.00365750 28.72388 0.55687 0.63498
2255 -0.56534000 19.20572 1.82776 65.18735 28.78008 -0.00365495 28.72499 0.55698 0.63527
2260 -0.56693000 19.11358 1.91703 65.30530 28.79446 -0.00365199 28.72651 0.55694 0.63539
2265 -0.56848000 19.02142 2.00558 65.41734 28.80881 -0.00364889 28.72840 0.55689 0.63550
2270 -0.56996000 18.92945 2.09334 65.52382 28.82306 -0.00364617 28.73072 0.55715 0.63558
2275 -0.57140000 18.83809 2.17976 65.62507 28.83716 -0.00364339 28.73341 0.55756 0.63562
2280 -0.57277000 18.74665 2.26494 65.72139 28.85105 -0.00364035 28.73645 0.55757 0.63564
2285 -0.57410000 18.65619 2.34857 65.81307 28.86467 -0.00363736 28.73981 0.55757 0.63564
2290 -0.57536000 18.56691 2.43049 65.90037 28.87796 -0.00363444 28.74350 0.55757 0.63564
2295 -0.57657000 18.47899 2.51076 65.98354 28.89086 -0.00363165 28.74747 0.55757 0.63564
2300 -0.57773000 18.39190 2.58897 66.06279 28.90335 -0.00362901 28.75169 0.55757 0.63564
2305 -0.57883000 18.30663 2.66521 66.13835 28.91540 -0.00362657 28.75611 0.55758 0.63547
2310 -0.57988000 18.22324 2.73930 66.21041 28.92699 -0.00362462 28.76073 0.55759 0.63531
2315 -0.58086000 18.14185 2.81136 66.27916 28.93808 -0.00362273 28.76549 0.55761 0.63550
2320 -0.58180000 18.06251 2.88104 66.34476 28.94868 -0.00362092 28.77036 0.55764 0.63569
2325 -0.58267000 17.98528 2.94884 66.40739 28.95877 -0.00361946 28.77537 0.55784 0.63572
2330 -0.58349000 17.91150 3.01427 66.46720 28.96837 -0.00361834 28.78045 0.55800 0.63573
2335 -0.58426000 17.83945 3.07717 66.52432 28.97756 -0.00361757 28.78559 0.55794 0.63569
2340 -0.58497000 17.76962 3.13802 66.57891 28.98625 -0.00361713 28.79074 0.55784 0.63544
2345 -0.58562000 17.70203 3.19649 66.63107 28.99449 -0.00361726 28.79590 0.55773 0.63516
2350 -0.58621000 17.63781 3.25293 66.68094 29.00231 -0.00361772 28.80103 0.55764 0.63524
2355 -0.58675000 17.57575 3.30684 66.72862 29.00971 -0.00361849 28.80613 0.55763 0.63537
2360 -0.58723000 17.51550 3.35889 66.77422 29.01665 -0.00361956 28.81115 0.55769 0.63539
2365 -0.58766000 17.45747 3.40844 66.81784 29.02324 -0.00362091 28.81610 0.55780 0.63564
2370 -0.58803000 17.40156 3.45599 66.85958 29.02948 -0.00362275 28.82097 0.55793 0.63592
2375 -0.58834000 17.34771 3.50157 66.89953 29.03533 -0.00362432 28.82571 0.55802 0.63603
2380 -0.58859000 17.29728 3.54475 66.93777 29.04086 -0.00362631 28.83038 0.55790 0.63611
2385 -0.58879000 17.24862 3.58603 66.97437 29.04603 -0.00362818 28.83492 0.55775 0.63615
2390 -0.58894000 17.20172 3.62496 67.00943 29.05090 -0.00363012 28.83929 0.55794 0.63617
2395 -0.58902000 17.15845 3.66207 67.04300 29.05545 -0.00363205 28.84353 0.55816 0.63637
2400 -0.58905000 17.11641 3.69706 67.07516 29.05976 -0.00363365 28.84763 0.55824 0.63660
2405 -0.58902000 17.07611 3.73045 67.10598 29.06378 -0.00363558 28.85161 0.55834 0.63669
2410 -0.58894000 17.03752 3.76181 67.13550 29.06758 -0.00363753 28.85543 0.55843 0.63678
2415 -0.58879000 17.00212 3.79153 67.16380 29.07119 -0.00363925 28.85907 0.55833 0.63686
2420 -0.58859000 16.96825 3.81934 67.19092 29.07456 -0.00364072 28.86258 0.55817 0.63692
2425 -0.58834000 16.93594 3.84532 67.21692 29.07777 -0.00364196 28.86592 0.55831 0.63692
2430 -0.58803000 16.90519 3.86983 67.24185 29.08079 -0.00364245 28.86911 0.55842 0.63705
2435 -0.58766000 16.87835 3.89264 67.26576 29.08370 -0.00364245 28.87213 0.55835 0.63716
2440 -0.58723000 16.85261 3.91410 67.28869 29.08648 -0.00364265 28.87502 0.55847 0.63727
2445 -0.58675000 16.82826 3.93415 67.31068 29.08924 -0.00364306 28.87777 0.55862 0.63756
2450 -0.58621000 16.80529 3.95301 67.33178 29.09187 -0.00364300 28.88039 0.55863 0.63757
2455 -0.58562000 16.78367 3.97077 67.35202 29.09441 -0.00364277 28.88286 0.55866 0.63760
2460 -0.58497000 16.76461 3.98720 67.37144 29.09686 -0.00364239 28.88518 0.55871 0.63783
2465 -0.58426000 16.74661 4.00286 67.39008 29.09923 -0.00364169 28.88734 0.55879 0.63807
2470 -0.58349000 16.72966 4.01752 67.40797 29.10159 -0.00364120 28.88936 0.55903 0.63797
2475 -0.58267000 16.71368 4.03144 67.42514 29.10387 -0.00364046 28.89124 0.55925 0.63785
2480 -0.58180000 16.69951 4.04437 67.44162 29.10612 -0.00363977 28.89300 0.55928 0.63785
2485 -0.58086000 16.68605 4.05672 67.45745 29.10829 -0.00363939 28.89463 0.55929 0.63736
2490 -0.57988000 16.67325 4.06839 67.47264 29.11039 -0.00363885 28.89617 0.55930 0.63719
2495 -0.57883000 16.66216 4.07962 67.48723 29.11244 -0.00363841 28.89754 0.55930 0.63702
2500 -0.57773000 16.65149 4.09029 67.50124 29.11439 -0.00363782 28.89881 0.55930 0.63720
2505 -0.57657000 16.64123 4.10029 67.51470 29.11627 -0.00363757 28.89992 0.55948 0.63738
2510 -0.57536000 16.63133 4.10998 67.52763 29.11805 -0.00363765 28.90093 0.55968 0.63739
2515 -0.57410000 16.62265 4.11939 67.54005 29.11976 -0.00363809 28.90182 0.55990 0.63743
2520 -0.57277000 16.61413 4.12852 67.55198 29.12138 -0.00363842 28.90264 0.56014 0.63757
2525 -0.57140000 16.60575 4.13726 67.56344 29.12295 -0.00363840 28.90332 0.56039 0.63764
2530 -0.56996000 16.59746 4.14577 67.57446 29.12444 -0.00363850 28.90390 0.56046 0.63788
2535 -0.56848000 16.58997 4.15390 67.58505 29.12586 -0.00363894 28.90440 0.56052 0.63811
2540 -0.56693000 16.58241 4.16183 67.59522 29.12724 -0.00363944 28.90480 0.56076 0.63785
2545 -0.56534000 16.57481 4.16953 67.60500 29.12854 -0.00364000 28.90510 0.56102 0.63762
2550 -0.56368000 16.56713 4.17687 67.61440 29.12978 -0.00364034 28.90535 0.56096 0.63790
2555 -0.56198000 16.56048 4.18398 67.62344 29.13097 -0.00364066 28.90549 0.56091 0.63816
2560 -0.56022000 16.55366 4.19087 67.63212 29.13209 -0.00364095 28.90558 0.56047 0.63803
2565 -0.55840000 16.54674 4.19752 67.64048 29.13315 -0.00364140 28.90557 0.56032 0.63787
2570 -0.55654000 16.54033 4.20392 67.64851 29.13417 -0.00364202 28.90553 0.56014 0.63786
2575 -0.55462000 16.53388 4.21008 67.65623 29.13515 -0.00364232 28.90546 0.56030 0.63803
2580 -0.55264000 16.52746 4.21583 67.66366 29.13608 -0.00364256 28.90537 0.56048 0.63821
2585 -0.55061000 16.52111 4.22132 67.67081 29.13695 -0.00364274 28.90523 0.56049 0.63839
2590 -0.54853000 16.51525 4.22654 67.67768 29.13775 -0.00364312 28.90505 0.56050 0.63857
2595 -0.54640000 16.50949 4.23149 67.68430 29.13851 -0.00364347 28.90485 0.56050 0.63858
2600 -0.54421000 16.50388 4.23632 67.69066 29.13921 -0.00364381 28.90466 0.56051 0.63858
2605 -0.54197000 16.49846 4.24089 67.69678 29.13985 -0.00364419 28.90447 0.56052 0.63895
2610 -0.53968000 16.49324 4.24520 67.70267 29.14042 -0.00364413 28.90427 0.56073 0.63917
2615 -0.53734000 16.48860 4.24914 67.70834 29.14099 -0.00364413 28.90405 0.56098 0.63943
2620 -0.53494000 16.48417 4.25286 67.71379 29.14155 -0.00364468 28.90388 0.56076 0.63973
2625 -0.53249000 16.47996 4.25638 67.71904 29.14207 -0.00364477 28.90368 0.56057 0.64003
2630 -0.53000000 16.47599 4.25974 67.72409 29.14259 -0.00364517 28.90350 0.56086 0.64031
2635 -0.52745000 16.47248 4.26296 67.72896 29.14310 -0.00364561 28.90333 0.56110 0.64055
2640 -0.52485000 16.46902 4.26605 67.73364 29.14362 -0.00364635 28.90317 0.56093 0.64072
2645 -0.52220000 16.46584 4.26906 67.73815 29.14416 -0.00364715 28.90305 0.56073 0.64087
2650 -0.51949000 16.46291 4.27201 67.74250 29.14473 -0.00364802 28.90294 0.56070 0.64119
2655 -0.51674000 16.46076 4.27494 67.74668 29.14534 -0.00364897 28.90284 0.56089 0.64120
2660 -0.51394000 16.45879 4.27770 67.75070 29.14598 -0.00364949 28.90275 0.56111 0.64124
2665 -0.51109000 16.45700 4.28047 67.75458 29.14663 -0.00365053 28.90269 0.56133 0.64146
2670 -0.50819000 16.45561 4.28328 67.75832 29.14730 -0.00365135 28.90261 0.56151 0.64164
2675 -0.50524000 16.45441 4.28612 67.76192 29.14799 -0.00365218 28.90252 0.56147 0.64161
2680 -0.50225000 16.45341 4.28902 67.76539 29.14868 -0.00365275 28.90240 0.56142 0.64156
2685 -0.49920000 16.45260 4.29198 67.76873 29.14938 -0.00365379 28.90229 0.56173 0.64170
2690 -0.49611000 16.45197 4.29500 67.77195 29.15009 -0.00365457 28.90218 0.56189 0.64186
2695 -0.49297000 16.45170 4.29810 67.77505 29.15075 -0.00365482 28.90207 0.56205 0.64202
2700 -0.48978000 16.45137 4.30127 67.77804 29.15133 -0.00365548 28.90194 0.56222 0.64219
2705 -0.48654000 16.45118 4.30450 67.78092 29.15188 -0.00365629 28.90177 0.56252 0.64234
2710 -0.48326000 16.45107 4.30780 67.78370 29.15240 -0.00365676 28.90158 0.56265 0.64231
2715 -0.47993000 16.45084 4.31115 67.78638 29.15287 -0.00365663 28.90138 0.56278 0.64227
2720 -0.47655000 16.45062 4.31438 67.78896 29.15326 -0.00365663 28.90119 0.56295 0.64223
2725 -0.47313000 16.45036 4.31762 67.79145 29.15361 -0.00365674 28.90097 0.56335 0.64224
2730 -0.46966000 16.44981 4.32085 67.79385 29.15389 -0.00365696 28.90075 0.56345 0.64257
2735 -0.46615000 16.44929 4.32403 67.79616 29.15412 -0.00365705 28.90048 0.56355 0.64284
2740 -0.46259000 16.44855 4.32715 67.79840 29.15433 -0.00365679 28.90019 0.56379 0.64289
2745 -0.45899000 16.44753 4.33017 67.80055 29.15448 -0.00365644 28.89988 0.56398 0.64291
2750 -0.45534000 16.44638 4.33324 67.80263 29.15461 -0.00365599 28.89955 0.56397 0.64290
2755 -0.45165000 16.44488 4.33619 67.80463 29.15475 -0.00365544 28.89921 0.56397 0.64291
2760 -0.44792000 16.44299 4.33901 67.80656 29.15490 -0.00365455 28.89889 0.56416 0.64310
2765 -0.44414000 16.44073 4.34170 67.80842 29.15505 -0.00365330 28.89855 0.56437 0.64349
2770 -0.44032000 16.43826 4.34428 67.81022 29.15523 -0.00365240 28.89821 0.56459 0.64387
2775 -0.43646000 16.43539 4.34675 67.81196 29.15544 -0.00365161 28.89784 0.56479 0.64405
2780 -0.43255000 16.43214 4.34912 67.81363 29.15569 -0.00365071 28.89749 0.56493 0.64419
2785 -0.42861000 16.42854 4.35143 67.81525 29.15596 -0.00364973 28.89712 0.56484 0.64446
2790 -0.42462000 16.42462 4.35367 67.81681 29.15627 -0.00364823 28.89677 0.56475 0.64472
2795 -0.42059000 16.42040 4.35588 67.81831 29.15660 -0.00364695 28.89642 0.56468 0.64465
2800 -0.41652000 16.41592 4.35808 67.81976 29.15696 -0.00364567 28.89609 0.56465 0.64462
2805 -0.41241000 16.41122 4.36029 67.82116 29.15737 -0.00364439 28.89570 0.56464 0.64461
2810 -0.40826000 16.40615 4.36252 67.82252 29.15779 -0.00364315 28.89536 0.56481 0.64461
2815 -0.40407000 16.40096 4.36482 67.82382 29.15825 -0.00364221 28.89501 0.56499 0.64461
2820 -0.39985000 16.39566 4.36719 67.82508 29.15872 -0.00364109 28.89468 0.56498 0.64460
2825 -0.39558000 16.39030 4.36965 67.82629 29.15923 -0.00363957 28.89434 0.56497 0.64459
2830 -0.39128000 16.38470 4.37221 67.82746 29.15973 -0.00363838 28.89401 0.56495 0.64474
2835 -0.38694000 16.37911 4.37489 67.82858 29.16025 -0.00363726 28.89364 0.56490 0.64486
2840 -0.38256000 16.37353 4.37770 67.82967 29.16074 -0.00363645 28.89331 0.56500 0.64444
2845 -0.37814000 16.36797 4.38063 67.83072 29.16127 -0.00363545 28.89300 0.56526 0.64453
2850 -0.37369000 16.36246 4.38368 67.83172 29.16180 -0.00363449 28.89266 0.56555 0.64465
2855 -0.36920000 16.35700 4.38668 67.83269 29.16234 -0.00363356 28.89230 0.56569 0.64462
2860 -0.36468000 16.35162 4.38978 67.83363 29.16290 -0.00363265 28.89193 0.56585 0.64461
2865 -0.36012000 16.34632 4.39295 67.83453 29.16345 -0.00363223 28.89157 0.56619 0.64478
2870 -0.35552000 16.34111 4.39615 67.83540 29.16402 -0.00363185 28.89123 0.56654 0.64495
2875 -0.35090000 16.33602 4.39938 67.83624 29.16456 -0.00363102 28.89085 0.56654 0.64478
2880 -0.34623000 16.33105 4.40259 67.83704 29.16511 -0.00363048 28.89051 0.56654 0.64462
2885 -0.34154000 16.32620 4.40592 67.83782 29.16566 -0.00362972 28.89016 0.56656 0.64499
2890 -0.33681000 16.32149 4.40920 67.83857 29.16621 -0.00362898 28.88984 0.56659 0.64537
2895 -0.33205000 16.31710 4.41242 67.83929 29.16677 -0.00362848 28.88954 0.56664 0.64559
2900 -0.32726000 16.31285 4.41557 67.83999 29.16731 -0.00362796 28.88926 0.56669 0.64579
2905 -0.32243000 16.30876 4.41865 67.84066 29.16783 -0.00362742 28.88896 0.56669 0.64596
2910 -0.31758000 16.30446 4.42166 67.84130 29.16833 -0.00362685 28.88868 0.56682 0.64609
2915 -0.31269000 16.30035 4.42460 67.84193 29.16882 -0.00362625 28.88840 0.56694 0.64622
2920 -0.30778000 16.29640 4.42749 67.84253 29.16927 -0.00362511 28.88814 0.56657 0.64637
2925 -0.30283000 16.29257 4.43032 67.84311 29.16971 -0.00362415 28.88795 0.56677 0.64657
2930 -0.29786000 16.28884 4.43312 67.84366 29.17015 -0.00362309 28.88782 0.56699 0.64678
2935 -0.29285000 16.28519 4.43588 67.84420 29.17057 -0.00362219 28.88775 0.56703 0.64682
2940 -0.28782000 16.28159 4.43864 67.84471 29.17097 -0.00362146 28.88770 0.56703 0.64682
2945 -0.28276000 16.27802 4.44139 67.84520 29.17129 -0.00362094 28.88766 0.56715 0.64676
2950 -0.27768000 16.27447 4.44416 67.84568 29.17159 -0.00361995 28.88763 0.56723 0.64667
2955 -0.27256000 16.27093 4.44695 67.84613 29.17191 -0.00361850 28.88763 0.56694 0.64691
2960 -0.26742000 16.26739 4.44979 67.84657 29.17219 -0.00361733 28.88768 0.56667 0.64716
2965 -0.26226000 16.26384 4.45268 67.84698 29.17242 -0.00361617 28.88778 0.56694 0.64709
2970 -0.25707000 16.26045 4.45562 67.84738 29.17263 -0.00361554 28.88790 0.56724 0.64704
2975 -0.25185000 16.25703 4.45864 67.84777 29.17282 -0.00361523 28.88803 0.56752 0.64718
2980 -0.24661000 16.25358 4.46172 67.84813 29.17296 -0.00361478 28.88819 0.56763 0.64696
2985 -0.24135000 16.25030 4.46487 67.84848 29.17311 -0.00361399 28.88831 0.56772 0.64672
2990 -0.23606000 16.24699 4.46809 67.84881 29.17327 -0.00361335 28.88845 0.56781 0.64663
2995 -0.23075000 16.24367 4.47138 67.84912 29.17340 -0.00361310 28.88856 0.56794 0.64656
3000 -0.22542000 16.24036 4.47488 67.84942 29.17352 -0.00361274 28.88869 0.56809 0.64635
3005 -0.22007000 16.23707 4.47828 67.84971 29.17363 -0.00361249 28.88881 0.56825 0.64615
3010 -0.21469000 16.23379 4.48172 67.84997 29.17375 -0.00361258 28.88891 0.56821 0.64613
3015 -0.20930000 16.23054 4.48519 67.85023 29.17389 -0.00361300 28.88900 0.56813 0.64642
3020 -0.20388000 16.22732 4.48869 67.85047 29.17403 -0.00361349 28.88905 0.56801 0.64669
3025 -0.19844000 16.22413 4.49221 67.85069 29.17419 -0.00361357 28.88908 0.56786 0.64656
3030 -0.19299000 16.22061 4.49574 67.85091 29.17438 -0.00361343 28.88911 0.56805 0.64640
3035 -0.18752000 16.21713 4.49927 67.85110 29.17456 -0.00361327 28.88910 0.56827 0.64625
3040 -0.18203000 16.21366 4.50281 67.85129 29.17480 -0.00361328 28.88908 0.56815 0.64612
3045 -0.17652000 16.21017 4.50635 67.85146 29.17511 -0.00361368 28.88901 0.56807 0.64637
3050 -0.17099000 16.20644 4.50988 67.85163 29.17546 -0.00361372 28.88893 0.56817 0.64664
3055 -0.16545000 16.20263 4.51342 67.85178 29.17586 -0.00361364 28.88879 0.56795 0.64657
3060 -0.15989000 16.19869 4.51695 67.85191 29.17627 -0.00361344 28.88867 0.56779 0.64654
3065 -0.15432000 16.19479 4.52048 67.85204 29.17672 -0.00361287 28.88853 0.56790 0.64658
3070 -0.14873000 16.19069 4.52401 67.85216 29.17723 -0.00361191 28.88838 0.56810 0.64655
3075 -0.14313000 16.18638 4.52754 67.85226 29.17777 -0.00361077 28.88822 0.56816 0.64659
3080 -0.13751000 16.18187 4.53107 67.85236 29.17835 -0.00360992 28.88807 0.56817 0.64696
3085 -0.13188000 16.17732 4.53460 67.85244 29.17893 -0.00360887 28.88789 0.56824 0.64768
3090 -0.12624000 16.17255 4.53813 67.85252 29.17954 -0.00360788 28.88774 0.56856 0.64766
3095 -0.12058000 16.16757 4.54167 67.85259 29.18020 -0.00360648 28.88757 0.56885 0.64760
3100 -0.11492000 16.16241 4.54519 67.85264 29.18085 -0.00360470 28.88742 0.56881 0.64773
3105 -0.10924000 16.15710 4.54871 67.85269 29.18149 -0.00360277 28.88731 0.56878 0.64788
3110 -0.10355000 16.15183 4.55222 67.85273 29.18213 -0.00360120 28.88722 0.56877 0.64787
3115 -0.09785000 16.14643 4.55571 67.85276 29.18275 -0.00359953 28.88714 0.56874 0.64784
3120 -0.09215000 16.14097 4.55917 67.85278 29.18338 -0.00359832 28.88708 0.56905 0.64797
3125 -0.08643000 16.13547 4.56260 67.85280 29.18399 -0.00359666 28.88705 0.56936 0.64813
3130 -0.08071000 16.13000 4.56599 67.85281 29.18456 -0.00359512 28.88707 0.56937 0.64833
3135 -0.07497000 16.12461 4.56932 67.85283 29.18509 -0.00359327 28.88711 0.56945 0.64841
3140 -0.06924000 16.11933 4.57242 67.85284 29.18561 -0.00359190 28.88720 0.56956 0.64850
3145 -0.06349000 16.11404 4.57558 67.85284 29.18610 -0.00359102 28.88729 0.56944 0.64872
3150 -0.05774000 16.10896 4.57865 67.85285 29.18657 -0.00359020 28.88739 0.56928 0.64891
3155 -0.05198000 16.10414 4.58161 67.85285 29.18703 -0.00358970 28.88752 0.56948 0.64911
3160 -0.04622000 16.09957 4.58447 67.85286 29.18750 -0.00358953 28.88771 0.56969 0.64914
3165 -0.04045000 16.09529 4.58722 67.85286 29.18792 -0.00358971 28.88793 0.57003 0.64929
3170 -0.03468000 16.09130 4.58987 67.85286 29.18834 -0.00358997 28.88819 0.56996 0.64939
3175 -0.02890000 16.08760 4.59244 67.85286 29.18879 -0.00359054 28.88844 0.56982 0.64926
3180 -0.02313000 16.08421 4.59494 67.85286 29.18922 -0.00359214 28.88870 0.56985 0.64911
3185 -0.01735000 16.08110 4.59738 67.85286 29.18965 -0.00359403 28.88894 0.56990 0.64899
3190 -0.01157000 16.07807 4.59979 67.85286 29.19011 -0.00359547 28.88922 0.56979 0.64887
3195 -0.00578000 16.07530 4.60217 67.85286 29.19059 -0.00359693 28.88949 0.56966 0.64873
